Spa.1	Spa.2	Spa.3	Spa.4	Rho	Dev.	M	Sp	Vp	In
1	3	5	7	1376.84	0	7.52	2.35	-1064.488	29.147
1	3	7	9	934.66	0	63.59	56.88	-180.655	29.147
1	3	9	11	2220.86	0	-44.06	-78.3	-171.703	29.147
1	3	11	13	1405.22	0	-56.35	-1.43	-54.322	29.147
1	3	13	15	1459.94	0	65.45	-0.49	-32.249	29.147
1	3	15	6	1274.98	0	6.95	27.46	718.179	29.147
1	3	6	8	1106.68	0	4.66	0	-391.141	29.147
1	3	8	10	1645.09	0	6.19	0.4	-193.811	29.147
1	3	10	12	1414.55	0	-4.14	-27.98	-75.75	29.147
1	3	12	14	1572.86	0	5.66	21.97	-45.353	29.147
1	4	8	11	1772.14	0	174.6	-20.13	-212.686	11.73
1	4	11	14	1866.34	0	-299.99	14.9	-68.921	11.73
1	4	14	17	1306.54	0	-102.17	-2.41	-21.108	11.73
1	4	17	9	1613.85	0	-15.88	8.06	182.515	11.73
1	4	9	12	1632.77	0	1.21	-26.23	-124.702	11.73
1	4	12	15	1704.38	0	-13.33	1.89	-46.489	11.73
1	4	15	18	1182.65	0	-172.06	20.14	-15.18	11.73
1	4	18	10	1575.38	0	-57.79	6.94	126.322	11.73
1	4	10	13	1631.34	0	-41.61	-25.2	-84.6	11.73
1	4	13	16	1567.62	0	-31.58	11.2	-32.518	11.73
1	4	16	19	802.03	0	-21.97	3.55	-8.305	11.711
1	5	12	16	2311.74	0	2.32	14.52	-153.207	15.03
1	5	16	20	1444.8	0	-79.8	8.25	-35.277	15.03
1	5	20	24	922.21	0	105.3	22.51	-10.769	15.03
1	5	24	13	1752.22	0	-14.99	-40.93	136.277	15.03
1	5	13	17	2064.39	0	-26.58	17.38	-102.878	15.03
1	5	17	21	1322.82	0	-7.07	13.33	-26.369	15.03
1	5	21	14	1593.36	0	-22.1	-9.82	82.662	15.03
1	5	14	18	1735.03	0	-25.89	-0.37	-66.772	15.03
1	5	18	22	1099.14	0	-7.78	0.23	-18.129	15.03
1	5	15	19	1461.4	0	-13.55	14.58	-44.358	15.019
1	5	19	23	1244.16	0	-129.43	1.55	-17.166	15.019
2	4	6	8	1282.2	0	2.51	-2.26	-416.122	12.235
2	4	8	10	1828.2	0	57.36	-2.03	-148.33	12.235
2	4	10	12	1579.71	0	-96.61	-26.98	-51.268	12.235
2	4	12	14	1748.89	0	-44.43	22.67	-28.379	12.235
2	4	14	16	1309.64	0	21.05	-8.19	-12.144	12.235
2	4	16	7	1440.31	0	-16.24	14.39	340.559	12.235
2	4	7	9	1345.24	0	-20.98	0.74	-199.58	12.235
2	4	9	11	1551.28	0	420.1	-23.84	-76.716	12.235
2	4	11	13	1736.53	0	-299.99	-0.8	-39.035	12.235
2	4	13	15	1701.88	0	-112.75	-1.63	-20.6	12.235
2	5	9	12	2683.83	0	4.27	-26.95	-437.198	15.922
2	5	12	15	2558.5	0	-8.08	0.52	-128.241	15.922
2	5	15	18	1684.85	0	-47.69	20.59	-36.947	15.922
2	5	18	10	2432.9	0	-16.3	7.22	373.457	15.922
2	5	10	13	2587.12	0	-10.32	-24.03	-268.192	15.922
2	5	13	16	2282.23	0	-12.96	10.92	-84.495	15.922
2	5	16	19	1499.31	0	-59.88	-0.29	-26.122	15.922
2	5	19	11	2252.58	0	-106.79	-8.77	245.165	15.922
2	5	11	14	2532.75	0	-140.14	18.67	-178.278	15.922
2	5	14	17	1845.86	0	-35.19	-2.98	-51.972	15.922
2	5	17	20	1238.96	0	76.74	3.81	-17.411	15.894
2	6	13	17	2609.48	0	-5.51	16.84	-297.451	25.851
2	6	17	21	1662.28	0	-1.15	12.04	-69.809	25.851
2	6	21	14	2003.14	0	-4.03	-8.28	227.725	25.851
2	6	14	18	2174.16	0	-6.27	-1.49	-186.356	25.851
2	6	18	22	1375.83	0	0.45	-1.52	-47.171	25.851
2	6	22	15	1768.59	0	-9.46	-17.34	157.812	25.851
2	6	15	19	1921.68	0	-8.35	11.69	-127.201	25.851
2	6	19	23	1360.74	0	-9.48	4.47	-38.602	25.851
2	6	23	16	1611.27	0	-14.66	-2.75	115.129	25.851
2	6	16	20	1748.8	0	-18.96	7.65	-91.366	25.851
2	6	20	24	1063.79	0	83.17	26.52	-25.229	25.816
3	5	7	9	2914.62	0	7.9	-2.58	-1113.657	14.405
3	5	9	11	3198.62	0	56.08	-27.88	-305.543	14.405
3	5	11	13	2856.66	0	-164.27	-0.06	-109.151	14.405
3	5	13	15	2825.36	0	-26.35	-1.78	-53.978	14.405
3	5	15	17	1949.27	0	-54.53	18.39	-21.28	14.405
3	5	17	8	3451.47	0	4.17	13.96	960.829	14.405
3	5	8	10	3815.95	0	13.12	-3.81	-666.537	14.405
3	5	10	12	2938.41	0	-15.97	-26.62	-171.085	14.405
3	5	12	14	3118.71	0	-8.78	22.14	-82.538	14.405
3	5	14	16	2237.65	0	9.88	-9.23	-31.888	14.405
3	6	10	13	3461.76	0	3.12	-22.85	-786.768	22.213
3	6	13	16	3057.49	0	-0.06	10.49	-213.811	22.213
3	6	16	19	1964.98	0	-13.51	-0.8	-60.118	22.213
3	6	19	11	3045.91	0	3.24	-8.49	652.318	22.213
3	6	11	14	3395.02	0	5.22	20.16	-491.017	22.213
3	6	14	17	2446.51	0	-4.49	-3.7	-126.37	22.213
3	6	17	20	1913.63	0	0.45	1.58	-46.515	22.213
3	6	20	12	2959.63	0	-0.2	-18.86	449.407	22.213
3	6	12	15	3431.86	0	1.92	-0.2	-337.025	22.213
3	6	15	18	2234	0	-9.07	20.31	-87.756	22.213
3	6	18	21	1608.09	0	3.86	11.6	-31.558	22.195
3	7	14	18	2442.63	0	-5.81	-1.29	-160.28	14.881
3	7	18	22	1601.48	0	-8.47	-1.6	-38.716	14.881
3	7	22	15	2018.02	0	-9.09	-18.27	132.064	14.881
3	7	15	19	2180.36	0	-7.52	12.78	-107.583	14.881
3	7	19	23	1554.18	0	-10.97	3.9	-30.674	14.881
3	7	23	16	1840.26	0	-17.75	-2.46	94.527	14.881
3	7	16	20	1985.97	0	-22.89	6.9	-75.673	14.881
3	7	20	24	1342.48	0	16.84	23.33	-21.923	14.881
3	7	24	17	1717.02	0	4.63	-24.09	70.624	14.881
3	7	17	21	1879.55	0	0.96	13.04	-56.527	14.881
4	6	8	10	4757.63	0	-1.03	-3.58	-1280.982	10.15
4	6	10	12	3778.41	0	21.59	-27.28	-254.333	10.15
4	6	12	14	4100.73	0	11.36	22.08	-110.411	10.15
4	6	14	16	2932.07	0	-1.26	-8.97	-39.473	10.15
4	6	16	18	2289.68	0	90.76	7.42	-17.614	10.15
4	6	18	9	3834.64	0	7.97	8.74	752.229	10.15
4	6	9	11	4063.95	0	-46.22	-26.01	-500.211	10.15
4	6	11	13	3676.81	0	172.66	0.63	-150.853	10.15
4	6	13	15	3608.83	0	28.08	-1.89	-67.302	10.15
4	6	15	17	2542.09	0	40.73	18.59	-25.527	10.15
4	7	11	14	3527.88	0	165.97	21.16	-298.281	8.264
4	7	14	17	2648.13	0	10.56	-3.78	-68.892	8.264
4	7	17	20	2108.76	0	14.01	1.98	-24.001	8.264
4	7	20	12	3230.26	0	9.61	-19.26	257.361	8.264
4	7	12	15	3679.34	0	9.04	-0.06	-197.965	8.264
4	7	15	18	2452.14	0	9.83	21.12	-47.12	8.264
4	7	18	21	1783.27	0	-0.39	10.63	-16.126	8.264
4	7	21	13	2859.7	0	10.4	-28.37	161.542	8.264
4	7	13	16	3300.24	0	5.27	10.71	-120.571	8.264
4	7	16	19	2168.35	0	32.13	1.15	-31.687	8.264
4	7	19	22	1692.06	0	-10.88	6.62	-12.342	8.25
4	8	15	19	2068.68	0	-2.38	15.44	-85.767	9.402
4	8	19	23	1401.46	0	156.59	1.38	-21.407	9.402
4	8	23	16	1721.97	0	52.39	-3.27	71.202	9.402
4	8	16	20	1835.29	0	70.97	8.31	-57.217	9.402
4	8	20	24	1387.21	0	-170.86	22.37	-17.299	9.402
4	8	24	17	1680.59	0	-18.82	-22.27	54.543	9.402
4	8	17	21	1794.05	0	4.4	11.89	-43.193	9.402
4	8	21	18	1592.84	0	1.48	-9.51	24.961	9.402
4	8	18	22	1499.59	0	42.07	-2.32	-28.496	9.402
5	7	9	11	3675.49	0	-34.83	-24.08	-965.719	9.905
5	7	11	13	3484.95	0	173.63	-3.27	-228.914	9.905
5	7	13	15	3518.74	0	7.61	-3.15	-92.453	9.905
5	7	15	17	2426.4	0	-8.2	20.55	-31.876	9.905
5	7	17	19	2186.11	0	-9.79	-4.87	-16.411	9.905
5	7	19	10	3401.62	0	9.01	13.99	651.167	9.905
5	7	10	12	3458.2	0	11.82	-25.86	-415.372	9.905
5	7	12	14	3894.5	0	7.65	21.32	-155.926	9.905
5	7	14	16	2838.92	0	-3.03	-9.79	-51.665	9.905
5	7	16	18	2262.94	0	4.62	9.2	-22.175	9.905
5	8	12	15	3011.06	0	7.24	-2.18	-358.676	11.643
5	8	15	18	2055.53	0	23.23	23.3	-75.34	11.643
5	8	18	21	1568.22	0	6.42	10.71	-25.147	11.643
5	8	21	13	2435.56	0	15.96	-28.52	273.385	11.643
5	8	13	16	2762.69	0	9.66	9.57	-209.421	11.643
5	8	16	19	1835.79	0	38.63	2.84	-49.7	11.643
5	8	19	22	1375.91	0	105.88	5.41	-17.529	11.643
5	8	22	14	2031.22	0	22.73	2.89	161.657	11.643
5	8	14	17	2228.41	0	15.68	-2.69	-114.7	11.643
5	8	17	20	1835.47	0	58.99	1.92	-37.79	11.643
5	8	20	23	1448.67	0	-98.82	-0.37	-14.863	11.603
5	9	16	20	2080.25	0	159.19	9.54	-38.488	4.196
5	9	20	24	1883.47	0	-299.99	19.74	-12.838	4.196
5	9	24	17	1968.17	0	0.02	-21.77	36.317	4.196
5	9	17	21	2087.25	0	137.1	13.24	-29.038	4.196
5	9	21	18	1811.3	0	247.1	-10.6	16.153	4.196
5	9	18	22	1782.07	0	15.1	-0.77	-19.146	4.196
5	9	22	19	1691.59	0	3.5	-6.07	11.829	4.196
5	9	19	23	1632.29	0	224.49	5.36	-13.842	4.196
6	8	10	12	2442.22	0	6.13	-27.35	-1063.943	16.423
6	8	12	14	2890.42	0	6.34	19.95	-314.799	16.423
6	8	14	16	2189.28	0	1.19	-8.28	-95.375	16.423
6	8	16	18	1739.77	0	39.21	7.85	-37.896	16.423
6	8	18	20	1447.34	0	150.07	2.18	-18.015	16.423
6	8	20	11	2477.44	0	20.87	-18.31	786.336	16.423
6	8	11	13	2590.95	0	19.87	0.4	-515.993	16.423
6	8	13	15	2677.36	0	13.5	-3.81	-177.734	16.423
6	8	15	17	1879.25	0	16.89	20.19	-56.705	16.423
6	8	17	19	1729.83	0	6.31	-5.19	-28.106	16.423
6	9	13	16	3609.44	0	5.27	11.45	-174.226	4.718
6	9	16	19	2271.01	0	-2.38	0.34	-33.73	4.718
6	9	19	22	1719.04	0	20.07	7.1	-11.17	4.718
6	9	22	14	2578.89	0	4.91	1.29	117.3	4.718
6	9	14	17	2839.18	0	2.84	-1.06	-87.211	4.718
6	9	17	20	2134.54	0	201.38	3.61	-23.417	4.718
6	9	20	23	1681.09	0	-117.88	-3.87	-8.679	4.718
6	9	23	15	2269.51	0	51.34	-18.77	73.191	4.718
6	9	15	18	2552.6	0	3.36	21.02	-53.24	4.718
6	9	18	21	1778.86	0	295.03	13.55	-14.841	4.718
6	9	21	24	239.93	0	-256.01	14.4	-1.002	4.725
6	10	17	21	2359.79	0	4.04	14.35	-136.082	13.078
6	10	21	18	2069.45	0	4.5	-12.75	75.053	13.078
6	10	18	22	1954.41	0	1.58	-1.6	-84.749	13.078
6	10	22	19	1848.02	0	-3.65	-4.39	51.369	13.078
6	10	19	23	1903	0	-3.43	4.95	-63.726	13.078
6	10	23	20	1721.31	0	5.75	4.47	37.518	13.078
6	10	20	24	1645.02	0	11.56	21.51	-43.479	13.078
7	9	11	13	4746.3	0	-21.02	2.92	-538.544	4.278
7	9	13	15	3961.18	0	3.61	-3.58	-112.365	4.278
7	9	15	17	2640.31	0	17.05	20.11	-29.959	4.278
7	9	17	19	2304.05	0	-8.66	-5.1	-13.072	4.278
7	9	19	21	1775.76	0	733.72	20.08	-5.757	4.278
7	9	21	12	3839.81	0	17.97	-31.24	317.429	4.278
7	9	12	14	4519.16	0	3.99	20.36	-234.409	4.278
7	9	14	16	3116.02	0	2.76	-8.02	-53.876	4.278
7	9	16	18	2394.15	0	27.83	7.39	-18.816	4.278
7	9	18	20	1733.17	0	572.27	1.86	-7.334	4.278
7	10	14	17	3275.17	0	4.57	-1.75	-335.251	10.005
7	10	17	20	2564.02	0	4.83	1.81	-80.756	10.005
7	10	20	23	1777.15	0	6.64	-3.01	-24.488	10.005
7	10	23	15	2638.45	0	4.6	-17.74	254.494	10.005
7	10	15	18	2920.84	0	4.95	21.28	-190.261	10.005
7	10	18	21	2157.28	0	5.11	13.18	-50.187	10.005
7	10	21	24	1661.34	0	8.39	8.76	-18.188	10.005
7	10	24	16	2336.11	0	7.08	-28.28	159.766	10.005
7	10	16	19	2569.93	0	7.12	0.92	-113.669	10.005
7	10	19	22	1909.25	0	2.77	4.04	-33.779	10.005
7	11	18	22	2060.7	0	14.79	-1.55	-42.64	4.693
7	11	22	19	1935.67	0	-5.69	-4.47	25.19	4.693
7	11	19	23	2039.55	0	-30.18	4.5	-31.734	4.693
7	11	23	20	1816.39	0	8.35	3.61	18.117	4.693
7	11	20	24	1692.35	0	74.99	21.91	-20.335	4.693
8	10	12	14	5670.96	0	7.1	19.56	-1777.458	11.816
8	10	14	16	3859.46	0	4.77	-8.68	-302.419	11.816
8	10	16	18	3039.26	0	-13.59	7.5	-95.26	11.816
8	10	18	20	2593.74	0	-50.95	1.66	-40.648	11.816
8	10	20	22	1810.2	0	36.04	-3.27	-16.211	11.816
8	10	22	13	4197.9	0	0.78	-13.7	958.622	11.816
8	10	13	15	4903.16	0	3.97	-3.47	-702.541	11.816
8	10	15	17	3285.1	0	-4.03	20.23	-156.9	11.816
8	10	17	19	2990.61	0	8.49	-6.59	-64.925	11.816
8	10	19	21	2401.87	0	-14.32	20.31	-28.077	11.816
8	11	15	18	3252.7	0	-3.28	22.08	-168.699	5.069
8	11	18	21	2465.57	0	-19.63	11.63	-39.346	5.069
8	11	21	24	1846.02	0	132.78	9.88	-12.888	5.069
8	11	24	16	2646.48	0	-5.17	-28.72	129.34	5.069
8	11	16	19	2886.23	0	-13.59	1.12	-95.259	5.069
8	11	19	22	2181.11	0	-69.28	3.38	-25.71	5.069
8	11	22	17	2631.53	0	-11.44	3.47	76.59	5.069
8	11	17	20	2872.07	0	-22.3	1.98	-64.365	5.069
8	11	20	23	1948.84	0	18.44	-2.72	-17.47	5.069
8	12	19	23	2125.85	0	-19.71	6.41	-174.112	18.574
8	12	23	20	1927.78	0	-3.54	1.35	99.297	18.574
8	12	20	24	1877.89	0	33.52	23.26	-115.653	18.574
9	11	13	15	4862.9	0	0.71	-6.96	-375.2	2.909
9	11	15	17	3249.19	0	-3.42	20.83	-62.673	2.909
9	11	17	19	2899.17	0	18.24	-4.64	-22.369	2.909
9	11	19	21	2429.82	0	-299.99	19.03	-9.374	2.909
9	11	21	23	1792.94	0	5.08	-14.38	-3.952	2.909
9	11	23	14	3387.11	0	-16.07	4.56	190.4	2.909
9	11	14	16	3814.27	0	5.14	-8.65	-134.533	2.909
9	11	16	18	2968.85	0	-32.72	7.97	-34.905	2.909
9	11	18	20	2588.4	0	-242.41	0.52	-13.833	2.909
9	11	20	22	1573.1	0	678.93	-3.32	-4.527	2.909
9	12	16	19	2700.61	0	-10.08	3.15	-136.426	4.937
9	12	19	22	1845.51	0	59.32	1.63	-28.686	4.937
9	12	22	17	2468.08	0	0.3	1.63	100.702	4.937
9	12	17	20	2714.37	0	-56.47	3.55	-87.259	4.937
9	12	20	23	1806.1	0	57.41	-4.07	-20.736	4.937
9	12	23	18	2167.71	0	-61.62	4.04	61.451	4.937
9	12	18	21	2284.5	0	-86.26	12.43	-49.866	4.937
9	12	21	24	1897.1	0	159.32	11.06	-16.564	4.937
9	13	20	24	2119.52	0	-15.29	26.29	-44.731	4.786
10	12	14	16	3406.32	0	3.14	-9.25	-1269.184	14.047
10	12	16	18	2685.16	0	10.12	7.65	-250.12	14.047
10	12	18	20	2312.98	0	4.87	0.8	-86.181	14.047
10	12	20	22	1684.88	0	-1.25	-2.49	-31.389	14.047
10	12	22	24	2031.24	0	-37.54	25.69	-21.624	14.047
10	12	24	15	2739.45	0	3.21	-43.39	743.659	14.047
10	12	15	17	2939.58	0	4.83	20.16	-500.698	14.047
10	12	17	19	2724.09	0	0.88	-5.13	-154.665	14.047
10	12	19	21	2141.76	0	9	20.08	-55.273	14.047
10	12	21	23	1836.98	0	17.05	-17.33	-25.527	14.047
10	13	17	20	2750.61	0	0.02	3.52	-359.134	12.761
10	13	20	23	1873.91	0	21.75	-6.56	-75.282	12.761
10	13	23	18	2196.63	0	4.39	4.84	231.649	12.761
10	13	18	21	2281.2	0	2.72	13.96	-189.538	12.761
10	13	21	24	1823.23	0	-8.12	9.62	-54.102	12.761
10	13	24	19	2035.73	0	1	-28.66	149.156	12.761
10	13	19	22	2021.62	0	4.21	4.98	-114.054	12.761
11	13	15	17	3097.51	0	3.28	20.56	-435.308	5.298
11	13	17	19	2790.37	0	5.35	-5.62	-98.036	5.298
11	13	19	21	2125.64	0	35.75	19.36	-29.873	5.298
11	13	21	23	1827.62	0	27.22	-17.43	-12.842	5.298
11	13	23	16	2539.32	0	14.22	-1.52	249.805	5.298
11	13	16	18	2737.04	0	17.19	7.65	-175.84	5.298
11	13	18	20	2363.37	0	12.18	1.2	-50.611	5.298
11	13	20	22	1669.28	0	-23.34	-2.24	-16.249	5.298
11	13	22	24	2360.46	0	-162.85	24.69	-12.372	5.298
11	14	18	21	2573.3	0	-7.05	13.12	-148.74	5.649
11	14	21	24	1849.79	0	-8.85	10.49	-32.898	5.649
11	14	24	19	2174.82	0	-4.43	-28.98	101.533	5.649
11	14	19	22	2165.76	0	16.4	5.56	-79.662	5.649
11	14	22	20	1814.95	0	-10.94	2.95	35.028	5.649
11	14	20	23	2057.62	0	-0.49	-4.18	-51.391	5.649
12	14	16	18	3548.99	0	4.96	8.22	-2778.458	29.514
12	14	18	20	2818.84	0	2.6	0.37	-551.708	29.514
12	14	20	22	1895.78	0	2.37	-1.49	-148.418	29.514
12	14	22	24	2058.52	0	0.7	29.1	-80.579	29.514
12	14	24	17	3070.51	0	2.82	-27.35	1682.702	29.514
12	14	17	19	3519.19	0	3.03	-5.07	-1259.485	29.514
12	14	19	21	2460.96	0	2.6	18.67	-293.585	29.514
12	14	21	23	2047.34	0	-0.27	-15.59	-111.019	29.514
12	15	19	22	2152.48	0	1.91	6.07	-713.858	32.414
12	15	22	20	1763.96	0	0.3	1.32	292.504	32.414
12	15	20	23	1927.08	0	2.63	-4.04	-406.703	32.414
12	15	23	21	1880.43	0	3.79	16.57	208.228	32.414
12	15	21	24	1842.12	0	1.65	11.94	-263.982	32.414
13	15	17	19	3688.14	0	2.59	-5.44	-2600.423	26.581
13	15	19	21	2354.43	0	6.33	17.14	-415.013	26.581
13	15	21	23	1862.08	0	4.88	-14.61	-131.291	26.581
13	15	23	18	2568.78	0	2.68	2.78	1177.273	26.581
13	15	18	20	2839.46	0	2.64	1.92	-915.215	26.581
13	15	20	22	1770.82	0	1.54	-1.26	-190.257	26.581
13	15	22	24	2208.74	0	-10.61	25.03	-107.867	26.581
13	16	20	23	1888.09	0	0.13	-0.83	-459.42	23.782
13	16	23	21	1787.33	0	-1.76	13.18	217.451	23.782
13	16	21	24	1743.14	0	1.46	11.08	-269.914	23.782
14	16	18	20	3121.03	0	2.68	3.49	-2810.99	33.954
14	16	20	22	1705.7	0	3.43	-3.95	-384.064	33.954
14	16	22	24	2106.12	0	2.68	30.82	-189.69	33.954
14	16	24	19	2199.03	0	2.49	-35.29	1287.378	33.954
14	16	19	21	2401.7	0	2.27	20.31	-988.851	33.954
14	16	21	23	1693.69	0	2.6	-13.44	-232.447	33.954
14	17	21	24	1543.18	0	7.57	18.73	-319.873	20.259
15	17	19	21	2444.58	0	-0.9	19.36	-1412.511	21.783
15	17	21	23	1543.62	0	14.03	-14.01	-222.982	21.783
15	17	23	20	1738.93	0	0.1	2.21	552.63	21.783
15	17	20	22	1663.88	0	-7.56	-2.75	-439.503	21.783
15	17	22	24	1795.26	0	1.68	27.29	-158.068	21.783
16	18	20	22	2575.15	0	0.43	-2.46	-1369.269	20.046
16	18	22	24	2315.54	0	22.55	24.36	-307.807	20.046
16	18	24	21	1947.84	0	14.09	-9.14	569.643	20.046
16	18	21	23	2052.93	0	8.88	-13.56	-499.013	20.046
17	19	21	23	3277.1	0	6.61	-13.55	-815.748	9.384
17	19	23	22	4632.6	0	3.47	-0.8	345.95	9.384
17	19	22	24	3729.33	0	-1.94	25.63	-424.375	9.384
18	20	22	24	7179.15	0	3.94	27.69	-1886.736	9.908
24	22	20	18	7188.86	0	3.5	-95.82	-1487.883	7.803
24	22	18	16	2303.42	0	41.43	-3.47	-119.185	7.803
24	22	16	14	2169.83	0	4.23	-29.99	-44.909	7.803
24	22	14	12	1936.25	0	-11.34	4.21	-20.037	7.803
24	22	12	10	2048.73	0	-37.04	53.07	-12.115	7.803
24	22	10	19	3068.36	0	-2.35	60.62	462.687	7.803
24	22	19	17	3728.97	0	-1.27	-48.15	-352.817	7.803
24	22	17	15	1806.41	0	0.3	10.69	-56.971	7.803
24	22	15	13	2181.55	0	-9.46	-84.51	-31.274	7.803
24	22	13	11	2293.75	0	-118.47	44.47	-17.706	7.803
24	21	17	14	1592.61	0	-0.77	-65.81	-124.942	7.668
24	21	14	11	1734.47	0	-52.98	34.27	-41.868	7.668
24	21	11	8	1814.35	0	144.34	9.11	-19.161	7.668
24	21	8	16	1767.83	0	3.19	-13.13	130.687	7.668
24	21	16	13	1736	0	-0.9	-35.77	-86.667	7.668
24	21	13	10	1816.5	0	-14.02	59.67	-32.388	7.668
24	21	10	7	1696.59	0	27.7	-1.09	-14.235	7.668
24	21	7	15	1801.53	0	-2.31	26.85	94.427	7.668
24	21	15	12	1832.47	0	1.67	-75.95	-62.118	7.668
24	21	12	9	1831.92	0	268.8	54.06	-24.84	7.668
24	21	9	6	1782.95	0	-299.99	-33.96	-12.056	7.648
24	20	13	9	1897.19	0	82.59	62.14	-48.797	5.833
24	20	9	5	1427.41	0	-299.99	-44.96	-13.526	5.833
24	20	5	1	872.12	0	83.42	388.49	-3.952	5.833
24	20	1	12	1602.14	0	-1.77	-396.91	48.359	5.833
24	20	12	8	1864.39	0	27.74	38.41	-36.059	5.833
24	20	8	4	1344.85	0	-190.59	7.31	-10.404	5.833
24	20	4	11	1682.9	0	50.97	-14.41	33.884	5.833
24	20	11	7	1740.26	0	88.44	16.19	-25.992	5.833
24	20	7	3	1351.18	0	35.76	-12.74	-8.649	5.833
24	20	10	6	1675.56	0	9.5	-31.39	-19.673	5.81
24	20	6	2	1111.49	0	79.52	-15.42	-5.932	5.81
23	21	19	17	3293.08	0	4.79	-26.63	-964.03	11.036
23	21	17	15	1535.73	0	24.18	13.67	-112.393	11.036
23	21	15	13	1880.42	0	5.35	-82.09	-55.048	11.036
23	21	13	11	1889.87	0	43.84	35.46	-27.662	11.036
23	21	11	9	1842.24	0	-4.77	21.51	-15.409	11.036
23	21	9	18	1967.63	0	9.57	-13.87	419.666	11.036
23	21	18	16	2059.37	0	9.02	-5.27	-275.597	11.036
23	21	16	14	1697.28	0	3.22	-25.48	-75.713	11.036
23	21	14	12	2046.6	0	-0.33	-4.32	-41.498	11.036
23	21	12	10	1878.85	0	29.07	47.22	-20.514	11.036
23	20	16	13	1883.34	0	0.62	-35.6	-144.931	7.521
23	20	13	10	1898.93	0	5.17	49.81	-44.963	7.521
23	20	10	7	1766.71	0	-12.7	-0.4	-18.302	7.521
23	20	7	15	1893.15	0	-0.62	32.48	137.28	7.521
23	20	15	12	1931.19	0	1.12	-75.41	-94.572	7.521
23	20	12	9	1886.25	0	21.88	48.15	-32.99	7.521
23	20	9	6	1590.4	0	-64.3	-33.31	-13.09	7.521
23	20	6	14	1938.58	0	-0.05	-8.51	99.671	7.521
23	20	14	11	2014.54	0	-0.82	22.11	-66.987	7.521
23	20	11	8	2016.19	0	10.06	8.8	-26.817	7.521
23	20	8	5	1277.83	0	-22.9	-25.06	-8.476	7.502
23	19	12	8	2112.38	0	-10.89	35.6	-68.814	7.388
23	19	8	4	1468.45	0	109.92	6.91	-17.624	7.388
23	19	4	11	1946.46	0	-22.17	-15.67	63.24	7.388
23	19	11	7	2040.86	0	-39.22	17.03	-49.993	7.388
23	19	7	3	1537.49	0	-32.62	-11.63	-15.065	7.388
23	19	3	10	1802.81	0	-14.47	13.36	45.974	7.388
23	19	10	6	1889.6	0	-18.37	-30.19	-35.746	7.388
23	19	6	2	1406.84	0	9.81	-15.5	-11.406	7.388
23	19	2	9	1562.37	0	200.17	49.17	31.904	7.388
23	19	9	5	1700.1	0	282.2	-38.48	-25.384	7.388
23	19	5	1	1108.33	0	-36.65	386.65	-7.503	7.369
22	20	18	16	2574.51	0	1.07	-8.16	-662.685	9.704
22	20	16	14	1702.94	0	1.85	-23.04	-109.585	9.704
22	20	14	12	1891.58	0	0.07	-7.79	-48.69	9.704
22	20	12	10	1694.98	0	9.56	44.43	-21.815	9.704
22	20	10	8	1892.68	0	21.19	-7.25	-13.919	9.704
22	20	8	17	1700.89	0	-1.73	23.27	318.977	9.704
22	20	17	15	1662.03	0	-5.67	16.15	-195.57	9.704
22	20	15	13	1769.58	0	0.97	-78.46	-69.409	9.704
22	20	13	11	1693.09	0	-14.96	29.58	-30.186	9.704
22	20	11	9	1596.64	0	607.12	23.12	-15.328	9.704
22	19	15	12	2148.23	0	3.59	-74.57	-210.481	9.576
22	19	12	9	2002.86	0	-8.77	46.6	-60.381	9.576
22	19	9	6	1748.07	0	29.98	-30.47	-23.056	9.576
22	19	6	14	2101.05	0	3.41	-6.11	193.981	9.576
22	19	14	11	2169.99	0	19.7	16.96	-135.299	9.576
22	19	11	8	2189.42	0	-76.75	10.35	-48.754	9.576
22	19	8	5	1369.39	0	152.03	-25.86	-14.35	9.576
22	19	5	13	1946.8	0	6.06	-12.12	127.44	9.576
22	19	13	10	2012.48	0	10.46	46.19	-85.201	9.576
22	19	10	7	1893.15	0	-14.89	1.78	-32.06	9.576
22	19	7	4	1180	0	289.82	4.73	-9.966	9.552
22	18	11	7	2089.48	0	-3.26	19.22	-142.296	15.444
22	18	7	3	1564.78	0	-4.96	-13.07	-39.26	15.444
22	18	3	10	1840.69	0	-3.22	11.11	125.018	15.444
22	18	10	6	1945.23	0	-2.18	-25.91	-99.613	15.444
22	18	6	2	1364.67	0	-7.07	-16.47	-27.953	15.444
22	18	2	9	1622.07	0	8.39	47.49	86.473	15.444
22	18	9	5	1781.01	0	14.18	-35.86	-70.432	15.444
22	18	5	1	1092.31	0	-12.48	383.7	-18.513	15.444
22	18	1	8	1317.62	0	41.22	-358.33	56.247	15.444
22	18	8	4	1486.07	0	57.81	9.43	-46.385	15.444
21	19	17	15	2447.44	0	-2.83	15.78	-607.215	9.353
21	19	15	13	2354	0	3.27	-77.66	-146.008	9.353
21	19	13	11	2122.95	0	36.67	26.26	-52.671	9.353
21	19	11	9	2440.2	0	-299.99	21.01	-30.271	9.353
21	19	9	7	1745.44	0	693.73	-2.29	-12.373	9.353
21	19	7	16	2364.16	0	2.83	-7.28	427.347	9.353
21	19	16	14	2401.38	0	2.29	-21.34	-272.361	9.353
21	19	14	12	2451.42	0	2.9	-12.09	-92.678	9.353
21	19	12	10	2128.19	0	17.5	40.87	-36.572	9.353
21	19	10	8	2362.43	0	-45.29	-7.65	-21.86	9.353
21	18	14	11	2563.18	0	-1.45	15.61	-392.238	14.957
21	18	11	8	2435.69	0	15.01	5.67	-114.686	14.957
21	18	8	5	1562.75	0	9.44	-24.49	-32.193	14.957
21	18	5	13	2211.36	0	2.88	-9.86	318.878	14.957
21	18	13	10	2281.11	0	2.73	43.22	-222.138	14.957
21	18	10	7	2156.69	0	3.28	1.61	-75.008	14.957
21	18	7	4	1781.55	0	6.39	0.63	-29.158	14.957
21	18	4	12	2123.22	0	3.51	-42.1	217.081	14.957
21	18	12	9	2280.79	0	-73.03	44.3	-150.814	14.957
21	18	9	6	1841.46	0	237.32	-28.85	-48.705	14.957
21	18	6	3	1627.47	0	0.55	14.83	-21.506	14.945
21	17	10	6	2366.39	0	1.02	-24.28	-154.467	14.803
21	17	6	2	1662.32	0	5.69	-18.17	-39.977	14.803
21	17	2	9	1938.86	0	92.96	47	126.221	14.803
21	17	9	5	2113.55	0	114.49	-33.94	-103.741	14.803
21	17	5	1	1333.31	0	-10.03	381.12	-26.178	14.803
21	17	1	8	1599.19	0	4.5	-357.47	81.715	14.803
21	17	8	4	1808.24	0	13.47	10.05	-68.541	14.803
21	17	4	7	2038.5	0	7.3	-0.8	50.294	14.803
21	17	7	3	1881.97	0	-0.68	-12	-56.304	14.803
20	18	16	14	3118.68	0	2.4	-20.36	-707.558	8.553
20	18	14	12	2815.22	0	4.66	-12.81	-159.678	8.553
20	18	12	10	2315.24	0	8.07	38.98	-52.528	8.553
20	18	10	8	2582.57	0	-62.26	-7.28	-29.296	8.553
20	18	8	6	1488.99	0	172.65	-16.53	-9.652	8.553
20	18	6	15	2650.36	0	2.84	58.84	438.095	8.553
20	18	15	13	2839.78	0	2.77	-73.81	-294.53	8.553
20	18	13	11	2364.93	0	13.36	22.61	-81.76	8.553
20	18	11	9	2571.5	0	-246.77	21.48	-40.41	8.553
20	18	9	7	1980.75	0	572.67	-2.18	-16.76	8.553
20	17	13	10	2759.6	0	-2.03	41.24	-239.203	8.472
20	17	10	7	2499.22	0	20.13	-3.27	-66.657	8.472
20	17	7	4	2115.83	0	20.94	0.63	-24.689	8.472
20	17	4	12	2534.93	0	5.24	-36.38	207.053	8.472
20	17	12	9	2696.35	0	-60.42	41.13	-148.731	8.472
20	17	9	6	2204.18	0	217.99	-28	-43.423	8.472
20	17	6	3	1924.81	0	5.27	12.89	-17.844	8.472
20	17	3	11	2486.07	0	-4.72	-4.59	143.975	8.472
20	17	11	8	2863.56	0	-22.82	9.85	-107.253	8.472
20	17	8	5	1845.41	0	72.05	-23.38	-27.648	8.472
20	17	5	2	1511.33	0	-56.79	-13.69	-11.283	8.443
20	16	9	5	2234.47	0	120.95	-31.5	-100.773	10.228
20	16	5	1	1288.37	0	-73.24	373.98	-21.407	10.228
20	16	1	8	1651.15	0	23.32	-352.11	74.266	10.228
20	16	8	4	1846.1	0	93.71	7.08	-62.606	10.228
20	16	4	7	2114.58	0	39.49	0.97	45.968	10.228
20	16	7	3	1973.25	0	-29.55	-12.55	-51.677	10.228
20	16	3	6	1932.33	0	-18.32	-10.54	32.939	10.228
20	16	6	2	1751.02	0	-30.95	-21.26	-36.194	10.228
19	17	15	13	3686.89	0	2.29	-72.59	-853.263	8.725
19	17	13	11	2813.32	0	-2.04	17.65	-162.773	8.725
19	17	11	9	2916.93	0	27.33	20.82	-67.507	8.725
19	17	9	7	2410.37	0	3.09	-2.55	-27.892	8.725
19	17	7	5	2239.34	0	4.51	-29.27	-14.807	8.725
19	17	5	14	3193.32	0	2.81	10.03	538.44	8.725
19	17	14	12	3517.58	0	2.61	-15.58	-372.151	8.725
19	17	12	10	2720.64	0	-2.01	36.97	-95.945	8.725
19	17	10	8	2990.78	0	15.31	-8.36	-47.942	8.725
19	17	8	6	1805.69	0	12.24	-15.5	-15.586	8.725
19	16	12	9	2714.06	0	-19.08	43.16	-295.532	10.643
19	16	9	6	2094.69	0	100.72	-30.61	-70.181	10.643
19	16	6	3	1967.61	0	-18.28	11.74	-28.842	10.643
19	16	3	11	2533.64	0	-6.57	-5.1	259.97	10.643
19	16	11	8	2880.89	0	-11.85	10.14	-199.626	10.643
19	16	8	5	1831.06	0	38.08	-21.47	-45.314	10.643
19	16	5	2	1519.93	0	-67.86	-13.83	-17.701	10.643
19	16	2	10	2324.08	0	-5.98	45.22	169.079	10.643
19	16	10	7	2564.38	0	1.85	-0.97	-120.657	10.643
19	16	7	4	2219.52	0	27.54	1.26	-41.772	10.643
19	16	4	1	1144.41	0	-288.35	178.24	-10.71	10.584
19	15	8	4	2114.79	0	-14.4	11.63	-102.148	10.954
19	15	4	7	2468.83	0	-35.38	-3.12	74.996	10.954
19	15	7	3	2180.39	0	-8.19	-10.88	-79.193	10.954
19	15	3	6	2136.17	0	-6.04	-10.95	49.735	10.954
19	15	6	2	1921.75	0	-9.12	-20.85	-53.902	10.954
19	15	2	5	1593.5	0	-27.68	15.74	29.092	10.954
19	15	5	1	1522.8	0	-65.3	179.96	-33.712	10.954
18	16	14	12	3551.18	0	4.85	-16.01	-1816.004	19.279
18	16	12	10	2683.59	0	16.01	35.45	-343.084	19.279
18	16	10	8	3047.92	0	-29.12	-8.96	-155.865	19.279
18	16	8	6	1744.45	0	47.19	-14.07	-44.604	19.279
18	16	6	4	2299.36	0	127.29	23.23	-33.596	19.279
18	16	4	13	2730.8	0	9.17	-32.56	1017.436	19.279
18	16	13	11	2743.51	0	16.81	15.3	-641.361	19.279
18	16	11	9	2989.88	0	-28.99	19.17	-232.986	19.279
18	16	9	7	2406.24	0	28.94	-1.37	-85.23	19.279
18	16	7	5	2299.84	0	7.54	-28.56	-43.864	19.279
18	15	11	8	3278.28	0	-6.95	11.66	-696.218	20.757
18	15	8	5	2048.46	0	30.56	-22.61	-133.858	20.757
18	15	5	2	1699.11	0	-59.09	-14.38	-48.575	20.757
18	15	2	10	2666.31	0	-4.23	45.58	533.584	20.757
18	15	10	7	2924.34	0	1.08	-0.54	-395.214	20.757
18	15	7	4	2485.15	0	17.88	0.63	-119.95	20.757
18	15	4	1	1146.27	0	-265.49	122.25	-26.036	20.757
18	15	1	9	2341.23	0	-7.52	-121.05	332.198	20.757
18	15	9	6	2565.99	0	4.63	-23.28	-235.471	20.757
18	15	6	3	2244.01	0	-11.56	11.03	-82.37	20.757
18	14	7	3	2459.17	0	-13.09	-11.11	-210.595	19.421
18	14	3	6	2418.9	0	-11.28	-10.49	130.276	19.421
18	14	6	2	2173.61	0	-9.68	-21.97	-139.969	19.421
18	14	2	5	1828.47	0	-39.57	15.65	75.477	19.421
18	14	5	1	1723.22	0	-35.46	147.64	-85.693	19.421
17	15	13	11	3105.67	0	2.75	16.81	-1699.394	20.629
17	15	11	9	3233.83	0	6.57	15.16	-442.381	20.629
17	15	9	7	2633.32	0	12.92	-1.2	-144.093	20.629
17	15	7	5	2448.57	0	1.37	-28.15	-66.992	20.629
17	15	5	3	1963.85	0	-81.24	17.84	-30.703	20.629
17	15	3	12	2862.46	0	2.21	-22.38	1141.169	20.629
17	15	12	10	2935.64	0	6.91	35.12	-734.334	20.629
17	15	10	8	3295.66	0	-10.85	-8.2	-274.797	20.629
17	15	8	6	1880.02	0	21.68	-13.98	-71.254	20.629
17	15	6	4	2578.91	0	60.34	22.98	-52.631	20.629
17	14	10	7	3284.06	0	0.87	2.38	-647.593	19.273
17	14	7	4	2652.01	0	23.92	0.26	-160.91	19.273
17	14	4	1	1279.64	0	-154.5	107.23	-33.968	19.273
17	14	1	9	2608.39	0	0.19	-107.55	484.68	19.273
17	14	9	6	2847.73	0	4.03	-20.56	-357.351	19.273
17	14	6	3	2453.26	0	-6.37	11.95	-109.947	19.273
17	14	3	8	2215.13	0	4.52	1.63	245.122	19.273
17	14	8	5	2230.54	0	19.02	-19.95	-190.057	19.273
17	14	5	2	1870.47	0	-44.96	-13.95	-63.751	19.273
17	13	6	2	2626.54	0	-16.54	-20.9	-154.181	13.312
17	13	2	5	2220.08	0	-76.71	14.33	81.96	13.312
17	13	5	1	2111.4	0	-55.21	134.07	-93.198	13.312
16	14	12	10	3403.65	0	2.97	36.48	-3030.806	33.569
16	14	10	8	3867.31	0	7.24	-9.06	-860.919	33.569
16	14	8	6	2195.54	0	1.72	-12.92	-195.504	33.569
16	14	6	4	2955.24	0	-2.76	21.79	-131.576	33.569
16	14	4	2	1277.72	0	36.74	-41.79	-32.507	33.569
16	14	2	11	3452.87	0	4.71	22.21	2240.091	33.569
16	14	11	9	3812.68	0	5.43	20.25	-1552.017	33.569
16	14	9	7	3145.62	0	1.73	-0.17	-426.825	33.569
16	14	7	5	2836.66	0	2.41	-27.24	-174.956	33.569
16	14	5	3	2255.06	0	10.81	19.65	-74.892	33.569
16	13	9	6	3638.07	0	5.74	-20.73	-682.902	18.346
16	13	6	3	3074.27	0	-11.44	10.66	-177.56	18.346
16	13	3	8	2742.79	0	6.46	2.78	415.84	18.346
16	13	8	5	2752.06	0	24.17	-20.61	-328.739	18.346
16	13	5	2	2341	0	-58.77	-14.32	-99.87	18.346
16	13	2	7	2911.17	0	-15.39	43.08	306.652	18.346
16	13	7	4	3274.96	0	22.92	0.23	-265.63	18.346
16	13	4	1	1718.02	0	-146	99.87	-55.739	18.346
16	12	5	1	2331.72	0	-8.39	122.54	-258.963	25.187
15	13	11	9	4864.52	0	-0.05	14.98	-2504.833	19.412
15	13	9	7	4035.13	0	6.05	-5.56	-519.44	19.412
15	13	7	5	3481.97	0	7.21	-27.41	-179.293	19.412
15	13	5	3	2930.49	0	-85.96	17.29	-75.448	19.412
15	13	3	1	1469.81	0	73.93	99.3	-21.624	19.412
15	13	1	10	4098.93	0	4.09	-83.35	1537.734	19.412
15	13	10	8	4901.87	0	1.06	-10.2	-1153.859	19.412
15	13	8	6	2678.62	0	25.24	-13.41	-210.174	19.412
15	13	6	4	3527.56	0	87.2	19.3	-125.812	19.412
15	13	4	2	1917.04	0	-299.99	-42.8	-36.816	19.412
15	12	8	5	3008.38	0	12.57	-18.21	-860.765	27.965
15	12	5	2	2595.62	0	-24.54	-17.62	-228.512	27.965
15	12	2	7	3259.97	0	-0.81	43.76	753.375	27.965
15	12	7	4	3680.56	0	14.77	0.52	-670.148	27.965
15	12	4	1	1717.27	0	-68.52	84.69	-111.67	27.965
15	12	1	6	2990.73	0	4.75	-103.87	480.2	27.965
15	12	6	3	3435.94	0	-0.79	9.48	-424.795	27.965
14	12	10	8	5682.41	0	13.09	-9.65	-3888.335	25.797
14	12	8	6	2908.28	0	6.8	-13.24	-497.517	25.797
14	12	6	4	4108.58	0	27.6	20.25	-281.141	25.797
14	12	4	2	1751.09	0	-144.65	-42.8	-59.911	25.797
14	12	2	9	4169.77	0	3.75	43.73	1997.292	25.797
14	12	9	7	4549.61	0	5.72	0.63	-1423.173	25.797
14	12	7	5	3886.36	0	9.49	-26.64	-405.233	25.797
14	12	5	3	3162.89	0	-26.71	15.76	-149.907	25.797
14	12	3	1	1587.9	0	14.22	93.42	-40.524	25.797
14	11	7	4	3440.21	0	228.27	3.35	-199.684	5.673
14	11	4	1	2057.05	0	-299.99	76.89	-36.739	5.673
14	11	1	6	2992.9	0	-1.19	-99.7	140.313	5.673
14	11	6	3	3406.93	0	0.08	9.29	-125.843	5.673
14	11	3	5	2945.26	0	-171.26	-14.66	57.081	5.673
14	11	5	2	2562.1	0	-175.39	-15.74	-64.26	5.673
13	11	9	7	4775.83	0	-22.1	4.75	-628.549	4.962
13	11	7	5	3511.75	0	196.5	-27.83	-115.546	4.962
13	11	5	3	2846.47	0	-171.07	16.38	-37.463	4.962
13	11	3	1	1372.19	0	-27.18	89.64	-9.03	4.962
13	11	1	8	2716.49	0	12.82	-85.18	250.263	4.962
13	11	8	6	2605.36	0	15.69	-12.64	-156.751	4.962
13	11	6	4	3673.32	0	221.91	21.2	-73.668	4.962
13	11	4	2	1688.16	0	-299.99	-42.24	-15.389	4.962
13	10	6	3	3433.37	0	-1.08	10.51	-228.665	6.509
13	10	3	5	2960.34	0	-53.41	-15.82	98.581	6.509
13	10	5	2	2600.4	0	-57.66	-14.66	-110.211	6.509
13	10	2	4	1626.8	0	-299.99	42.94	36.176	6.509
13	10	4	1	1640.13	0	-245.94	76.1	-47.2	6.509
12	10	8	6	2435.24	0	14.79	-11.54	-461.196	7.14
12	10	6	4	3735.73	0	75.21	21.46	-176.872	7.14
12	10	4	2	1708.93	0	-299.99	-41.59	-32.364	7.14
12	10	2	7	3174.2	0	-1.46	40.56	390.743	7.14
12	10	7	5	3411.39	0	26.74	-25.6	-295.343	7.14
12	10	5	3	2987.49	0	-86.15	16.74	-86.215	7.14
12	10	3	1	1379.99	0	-16.96	86.3	-18.102	7.14
12	9	5	2	2677.51	0	12.54	-12.77	-126.89	4.632
12	9	2	4	1468.21	0	38.18	41.24	34.79	4.632
12	9	4	1	1548.97	0	19.48	73.26	-46.714	4.632
11	9	7	5	3651.98	0	-47.17	-22.45	-275.744	2.846
11	9	5	3	3182.06	0	85.3	13.53	-60.065	2.846
11	9	3	1	1486.96	0	15.96	83.43	-11.227	2.846
11	9	1	6	3335.1	0	7.77	-92.73	163.681	2.846
11	9	6	4	4107.34	0	-68.2	23.11	-141.772	2.846
11	9	4	2	1395.03	0	708.67	-41.07	-16.051	2.846
11	8	4	1	1705.44	0	240.7	70.27	-85.796	4.917
10	8	6	4	4844.86	0	-21.82	25.4	-758.36	5.901
10	8	4	2	1523.22	0	402.63	-44.33	-59.607	5.901
10	8	2	5	3415.34	0	39.83	13.95	294.029	5.901
10	8	5	3	3839	0	38.55	15.54	-274.704	5.901
10	8	3	1	1660.66	0	6.48	80.37	-39.61	5.901
9	7	5	3	2956.89	0	0.91	15.21	-314.547	4.01
9	7	3	1	1199.33	0	25.74	77.58	-31.895	4.01
9	7	1	4	1311.44	0	-46.34	-64.56	76.729	4.01
9	7	4	2	1250.85	0	-61.06	-40.56	-60.829	4.01
8	6	4	2	1182.04	0	-8.23	-41.01	-415.635	13.256
8	6	2	3	884.27	0	-2.73	28.4	93.279	13.256
8	6	3	1	1105.6	0	5.15	76.04	-177.718	13.256
7	5	3	1	1365.14	0	8.99	74.8	-291.179	8.041
