Spa.1	Spa.2	Spa.3	Spa.4	Rho	Dev.	M	Sp	Vp	In
1	3	5	7	1343.64	0	5.54	46.68	-1252.918	35.154
1	3	7	9	998.55	0	102.03	37.4	-232.782	35.154
1	3	9	11	2122.71	0	-114.72	-57.91	-197.939	35.154
1	3	11	13	1354.46	0	-2.14	-7.57	-63.151	35.154
1	3	13	15	1449.11	0	78.1	-12.49	-38.608	35.154
1	3	15	6	1279.23	0	6.29	65.41	869.083	35.154
1	3	6	8	1109.68	0	5.16	-46.23	-473.029	35.154
1	3	8	10	1659.85	0	0.13	-12.35	-235.851	35.154
1	3	10	12	1414.05	0	1.61	24.2	-91.33	35.154
1	3	12	14	1565.24	0	12.32	-29.42	-54.436	35.154
1	4	8	11	1900.52	0	14.18	6.3	-490.262	25.213
1	4	11	14	1655.75	0	-32.36	-23.1	-131.422	25.213
1	4	14	17	1303.98	0	-11.86	31.96	-45.282	25.213
1	4	17	9	1648.51	0	2.88	-8.28	400.718	25.213
1	4	9	12	1678.06	0	5.83	9.62	-275.467	25.213
1	4	12	15	1714.5	0	16.93	-30.41	-100.517	25.213
1	4	15	18	1170.01	0	-59.29	4.18	-32.28	25.213
1	4	18	10	1583.11	0	-3.98	1.38	272.848	25.213
1	4	10	13	1651.83	0	-1.37	8.85	-184.121	25.213
1	4	13	16	1573.05	0	-0.72	-21.06	-70.136	25.213
1	4	16	19	967.66	0	18.23	41.41	-21.506	25.136
1	5	12	16	2341.16	0	2.78	-37.51	-227.119	22.001
1	5	16	20	1459.28	0	-29.35	-11.78	-52.156	22.001
1	5	20	24	976.85	0	30.02	72.69	-16.698	22.001
1	5	24	13	1775.91	0	-6.33	-36.41	202.179	22.001
1	5	13	17	2085.99	0	-9.21	15.07	-152.168	22.001
1	5	17	21	1333.92	0	-0.12	-17.08	-38.923	22.001
1	5	21	14	1607.49	0	-4	-15.38	122.074	22.001
1	5	14	18	1727.07	0	0.08	6.56	-97.292	22.001
1	5	18	22	1174.36	0	-19.43	15.24	-28.353	22.001
1	5	15	19	1451.57	0	11.56	34.48	-64.404	21.954
1	5	19	23	1327.17	0	-106.1	131.97	-26.766	21.954
2	4	6	8	1332.99	0	4.55	-48.54	-1036.338	29.309
2	4	8	10	1903.18	0	13.85	-13.15	-369.907	29.309
2	4	10	12	1599.95	0	-11.96	24.92	-124.388	29.309
2	4	12	14	1777.94	0	-10.07	-31.47	-69.113	29.309
2	4	14	16	1319.03	0	8.02	-4.98	-29.299	29.309
2	4	16	7	1496.37	0	0.16	52.59	847.586	29.309
2	4	7	9	1412.35	0	-1.72	-23.54	-501.958	29.309
2	4	9	11	1703.46	0	36.97	-1.98	-201.806	29.309
2	4	11	13	1544.99	0	-59.83	1.32	-83.197	29.309
2	4	13	15	1678.75	0	-32.91	-18.97	-48.677	29.309
2	5	9	12	2772.8	0	5.25	12.83	-712.856	25.128
2	5	12	15	2597.48	0	-3.75	-30.12	-205.472	25.128
2	5	15	18	1662.61	0	0.81	7.7	-57.54	25.128
2	5	18	10	2478.61	0	-2.76	-2.55	600.461	25.128
2	5	10	13	2650.11	0	0.15	17.53	-433.564	25.128
2	5	13	16	2315.83	0	-10.79	-28.66	-135.312	25.128
2	5	16	19	1491.69	0	1.93	36.49	-41.016	25.128
2	5	19	11	2262.85	0	-15.12	-10.4	388.682	25.128
2	5	11	14	2544.03	0	-22.48	-20.56	-282.611	25.128
2	5	14	17	1861.44	0	-11.08	36.59	-82.713	25.128
2	5	17	20	1287.85	0	45.89	-50.03	-28.522	25.048
2	6	13	17	2621.79	0	-5.23	10.82	-356.127	30.805
2	6	17	21	1679.55	0	-2.98	-22.35	-84.052	30.805
2	6	21	14	2015.03	0	-1.51	-15.07	272.978	30.805
2	6	14	18	2166.61	0	1.33	11.38	-221.299	30.805
2	6	18	22	1442.68	0	-12.6	13.63	-58.943	30.805
2	6	22	15	1783.09	0	-4.15	-20.55	189.598	30.805
2	6	15	19	1930.73	0	1.89	28.38	-152.292	30.805
2	6	19	23	1375.03	0	-21.8	135.21	-46.482	30.805
2	6	23	16	1624.92	0	-6.86	-171.86	138.356	30.805
2	6	16	20	1772.66	0	-10.03	-10.97	-110.361	30.805
2	6	20	24	1130.01	0	42.29	78.69	-31.472	30.318
3	5	7	9	3067.16	0	5.25	-33.71	-1875.969	23.058
3	5	9	11	3314.06	0	11.58	-3.95	-506.745	23.058
3	5	11	13	2862.09	0	-19.27	8.56	-175.054	23.058
3	5	13	15	2871.12	0	-19.02	-25.83	-87.803	23.058
3	5	15	17	1966.73	0	-22.28	32.59	-34.369	23.058
3	5	17	8	3563.62	0	3.88	-9.09	1588.007	23.058
3	5	8	10	3955.1	0	7.88	-15.98	-1105.854	23.058
3	5	10	12	3021.62	0	-3.9	23.3	-281.617	23.058
3	5	12	14	3184.08	0	-4.95	-33.54	-134.89	23.058
3	5	14	16	2261.99	0	4.58	-4.13	-51.599	23.058
3	6	10	13	3522.12	0	3.21	24.71	-962.025	26.696
3	6	13	16	3078.4	0	-5.53	-37.54	-258.717	26.696
3	6	16	19	1970.76	0	2.15	33.25	-72.462	26.696
3	6	19	11	3046.11	0	0.28	-5.99	784.008	26.696
3	6	11	14	3391.44	0	-0.36	-22.05	-589.484	26.696
3	6	14	17	2466.02	0	-2.76	37.89	-153.083	26.696
3	6	17	20	1935.47	0	1.81	-54.65	-56.54	26.696
3	6	20	12	2984.65	0	-0.82	51.73	544.665	26.696
3	6	12	15	3459.33	0	-0.21	-28.95	-408.279	26.696
3	6	15	18	2208.44	0	-0.94	8.68	-104.258	26.696
3	6	18	21	1679.22	0	-2.47	3.49	-39.147	26.366
3	7	14	18	2391.85	0	6.1	17.07	-233.018	22.094
3	7	18	22	1711.82	0	-31.52	8.31	-61.441	22.094
3	7	22	15	2013.64	0	-1.66	-19.53	195.647	22.094
3	7	15	19	2173.32	0	4.5	24.74	-159.21	22.094
3	7	19	23	1542.36	0	-25.42	133.04	-45.195	22.094
3	7	23	16	1834.82	0	-6.6	-164.92	139.927	22.094
3	7	16	20	1995.33	0	-11.48	-13.2	-112.88	22.094
3	7	20	24	1372.29	0	20.72	75.83	-33.271	22.094
3	7	24	17	1730.52	0	2.56	-19.65	105.678	22.094
3	7	17	21	1873.6	0	1.61	-23.12	-83.659	22.094
4	6	8	10	4886.8	0	4.52	-14.18	-2521.443	19.452
4	6	10	12	3872.5	0	4.11	16.19	-499.523	19.452
4	6	12	14	4124.33	0	1.15	-31.71	-212.803	19.452
4	6	14	16	2928.97	0	1.26	-3.44	-75.563	19.452
4	6	16	18	2245.88	0	4.07	18.22	-33.109	19.452
4	6	18	9	3910.72	0	4.11	10.75	1470.121	19.452
4	6	9	11	4169.61	0	2.44	-0.52	-983.494	19.452
4	6	11	13	3726.9	0	12.34	15.3	-293.023	19.452
4	6	13	15	3637.37	0	-2.87	-33.28	-129.993	19.452
4	6	15	17	2541.42	0	6.54	35.15	-48.906	19.452
4	7	11	14	3523.06	0	29.6	-22.11	-620.13	17.204
4	7	14	17	2647.72	0	-0.26	39.15	-143.401	17.204
4	7	17	20	2102	0	5.42	-56.37	-49.807	17.204
4	7	20	12	3225.1	0	2.63	48.3	534.931	17.204
4	7	12	15	3674.55	0	2.19	-24.55	-411.596	17.204
4	7	15	18	2405.17	0	4.48	8.17	-96.218	17.204
4	7	18	21	1860.74	0	2.16	3.04	-35.03	17.204
4	7	21	13	2845.71	0	-0.29	23.64	334.662	17.204
4	7	13	16	3271.4	0	-1.53	-44.53	-248.817	17.204
4	7	16	19	2156.55	0	4.64	36.24	-65.609	17.204
4	7	19	22	1610.99	0	-9.54	-3.55	-24.427	17.149
4	8	15	19	2032.76	0	-6.36	28.72	-173.625	19.37
4	8	19	23	1440.69	0	91.13	124.57	-45.336	19.37
4	8	23	16	1715.74	0	21.15	-161.82	146.155	19.37
4	8	16	20	1831.25	0	34.99	-16.48	-117.616	19.37
4	8	20	24	1373.46	0	-77.07	79.56	-35.285	19.37
4	8	24	17	1661.96	0	1.66	-20.32	111.122	19.37
4	8	17	21	1789.61	0	5.56	-21.17	-88.763	19.37
4	8	21	18	1652.86	0	22.19	-6.45	53.36	19.37
4	8	18	22	1524.58	0	37.13	15.12	-59.684	19.37
5	7	9	11	3702.55	0	-3.49	1.8	-1553.118	15.814
5	7	11	13	3429.25	0	44.29	17.85	-359.619	15.814
5	7	13	15	3461.74	0	0.08	-36.03	-145.21	15.814
5	7	15	17	2435.55	0	6.27	32.94	-51.082	15.814
5	7	17	19	2107.74	0	3.35	-7.56	-25.261	15.814
5	7	19	10	3401.63	0	6.08	-11.38	1039.592	15.814
5	7	10	12	3474.27	0	7.04	13.86	-666.222	15.814
5	7	12	14	3870.05	0	5.19	-30.92	-247.372	15.814
5	7	14	16	2810.25	0	3.86	-4.3	-81.65	15.814
5	7	16	18	2203.07	0	-0.3	15.24	-34.466	15.814
5	8	12	15	3000.13	0	6	-25.57	-544.815	17.749
5	8	15	18	2018.66	0	2.74	3.73	-112.795	17.749
5	8	18	21	1621.52	0	32.33	7.42	-39.639	17.749
5	8	21	13	2411.25	0	11.36	26.34	412.615	17.749
5	8	13	16	2730.2	0	9.9	-48.32	-315.507	17.749
5	8	16	19	1827.82	0	-0.51	36.52	-75.438	17.749
5	8	19	22	1350.85	0	97.62	-3.58	-26.236	17.749
5	8	22	14	2016.66	0	12.06	-24.99	244.678	17.749
5	8	14	17	2215.78	0	8.19	37.06	-173.868	17.749
5	8	17	20	1811	0	51.62	-58.07	-56.842	17.749
5	8	20	23	1380.64	0	-86.54	183.79	-21.621	17.711
5	9	16	20	2074.48	0	114.92	-11.05	-60.71	6.637
5	9	20	24	2035.95	0	-299.99	79.01	-21.951	6.637
5	9	24	17	2002.83	0	-1.9	-19.42	58.456	6.637
5	9	17	21	2101.15	0	73.09	-22.47	-46.238	6.637
5	9	21	18	1920.7	0	131.6	-5.47	27.094	6.637
5	9	18	22	1877.16	0	11.98	16.34	-31.901	6.637
5	9	22	19	1737.5	0	22.9	4.75	19.219	6.637
5	9	19	23	1685.72	0	107.72	128.44	-22.611	6.637
6	8	10	12	2454.43	0	6.47	16.87	-1114.86	17.124
6	8	12	14	2874.66	0	8.86	-29.86	-326.434	17.124
6	8	14	16	2162.16	0	2.66	-11.06	-98.21	17.124
6	8	16	18	1662.3	0	9.97	19.69	-37.753	17.124
6	8	18	20	1480.83	0	200.68	-32.54	-19.218	17.124
6	8	20	11	2399.24	0	14.52	43.59	793.989	17.124
6	8	11	13	2491.6	0	7.49	23.8	-517.368	17.124
6	8	13	15	2624.16	0	19.93	-37.8	-181.631	17.124
6	8	15	17	1845.17	0	17.06	33.91	-58.051	17.124
6	8	17	19	1769	0	-31.92	-7.11	-29.968	17.124
6	9	13	16	3612.25	0	7.55	-52.32	-239.49	6.48
6	9	16	19	2286.98	0	-0.41	40.89	-46.654	6.48
6	9	19	22	1742.55	0	35.44	-2.98	-15.552	6.48
6	9	22	14	2586.48	0	6.34	-24.74	161.589	6.48
6	9	14	17	2839.61	0	4.58	37.86	-119.804	6.48
6	9	17	20	2145.64	0	154.09	-62.48	-32.331	6.48
6	9	20	23	1777.32	0	-167.36	182.25	-12.603	6.48
6	9	23	15	2288.94	0	30.71	-153.8	101.39	6.48
6	9	15	18	2524.23	0	4.47	5.64	-72.314	6.48
6	9	18	21	1875.16	0	158.9	5.87	-21.488	6.48
6	9	21	24	1257.06	0	-275.79	48	-7.102	6.39
6	10	17	21	2357.39	0	2.32	-24	-128.465	12.358
6	10	21	18	2179.06	0	0.34	-5.33	74.681	12.358
6	10	18	22	2031.85	0	0.11	17.04	-83.26	12.358
6	10	22	19	1822.47	0	-1.66	3.87	47.872	12.358
6	10	19	23	1867.17	0	1.17	127.65	-59.086	12.358
6	10	23	20	1682.36	0	0.15	-181.8	34.652	12.358
6	10	20	24	1678.87	0	-6.86	87.62	-41.932	12.358
7	9	11	13	4455.85	0	-1.81	24.74	-770.33	6.517
7	9	13	15	4004.17	0	4.38	-41.55	-173.061	6.517
7	9	15	17	2635.8	0	4.7	37.32	-45.568	6.517
7	9	17	19	2361.17	0	-6.03	-8.94	-20.41	6.517
7	9	19	21	1710.52	0	424.56	-14.75	-8.449	6.517
7	9	21	12	3892.77	0	11.5	16.54	490.317	6.517
7	9	12	14	4594.39	0	4.44	-30.59	-363.1	6.517
7	9	14	16	3129.69	0	3.87	-11.58	-82.448	6.517
7	9	16	18	2348.64	0	6.87	22.31	-28.124	6.517
7	9	18	20	1821.81	0	450.33	-33.72	-11.747	6.517
7	10	14	17	3264.88	0	2.97	40.38	-440.577	13.189
7	10	17	20	2567.47	0	1.62	-64.56	-106.605	13.189
7	10	20	23	1731.18	0	2.01	180.58	-31.448	13.189
7	10	23	15	2628.31	0	2.11	-152.87	334.214	13.189
7	10	15	18	2870.62	0	4.24	8.28	-246.511	13.189
7	10	18	21	2275.62	0	-3.54	5.3	-69.791	13.189
7	10	21	24	1690.85	0	4.78	48.58	-24.403	13.189
7	10	24	16	2341.64	0	2.14	-75.28	211.12	13.189
7	10	16	19	2568.27	0	4.75	42.21	-149.754	13.189
7	10	19	22	1911.35	0	-12.68	-3.04	-44.58	13.189
7	11	18	22	2289.18	0	-3.26	17.3	-111.311	11.027
7	11	22	19	2056.01	0	-17.54	3.58	62.874	11.027
7	11	19	23	2108.7	0	-17.25	125.08	-77.102	11.027
7	11	23	20	1887.14	0	4.07	-179.28	44.231	11.027
7	11	20	24	1873.47	0	6.89	87.38	-52.899	11.027
8	10	12	14	5701.88	0	6.46	-34.91	-2164.313	14.31
8	10	14	16	3842.51	0	3.62	-13.81	-364.634	14.31
8	10	16	18	2954.06	0	2.43	24.86	-112.13	14.31
8	10	18	20	2806.32	0	-66.99	-34.77	-53.261	14.31
8	10	20	22	1790.52	0	65.35	52.07	-19.418	14.31
8	10	22	13	4182.82	0	0.26	17.25	1156.761	14.31
8	10	13	15	4880.65	0	1.56	-41.65	-846.898	14.31
8	10	15	17	3278.44	0	-0.52	38.37	-189.627	14.31
8	10	17	19	2970.53	0	23.92	-9.34	-78.099	14.31
8	10	19	21	2416.4	0	-54.31	-15.44	-34.208	14.31
8	11	15	18	3293.49	0	7.01	12.2	-415.062	12.317
8	11	18	21	2693.75	0	-25.54	-0.37	-104.455	12.317
8	11	21	24	1975.26	0	14.58	48.72	-33.51	12.317
8	11	24	16	2732.01	0	-1.59	-75.02	324.439	12.317
8	11	16	19	2967.01	0	5.94	44.39	-237.947	12.317
8	11	19	22	2239.54	0	-51.06	-4.5	-64.145	12.317
8	11	22	17	2701.38	0	-4.31	15.04	191.045	12.317
8	11	17	20	2958.09	0	-13.26	-65.48	-161.084	12.317
8	11	20	23	1989.29	0	24.11	178.94	-43.331	12.317
8	12	19	23	2109.21	0	-15.92	124.48	-204.009	21.935
8	12	23	20	1885.84	0	11.16	-179.45	114.715	21.935
8	12	20	24	1883.12	0	31.25	86.38	-136.962	21.935
9	11	13	15	5105.13	0	1.98	-46.91	-766.98	5.664
9	11	15	17	3337.3	0	2.87	36.88	-125.347	5.664
9	11	17	19	3019.72	0	17.47	-10.83	-45.367	5.664
9	11	19	21	2518.6	0	-197.25	-16.57	-18.919	5.664
9	11	21	23	1761.49	0	70.68	137.99	-7.561	5.664
9	11	23	14	3515.35	0	-4.47	-147.87	384.785	5.664
9	11	14	16	3968.99	0	3.8	-15.38	-272.59	5.664
9	11	16	18	2980.51	0	1.37	25.36	-68.234	5.664
9	11	18	20	2977.84	0	-171.88	-36.14	-30.988	5.664
9	11	20	22	1406.12	0	595.39	48.42	-7.879	5.664
9	12	16	19	2777.47	0	-23.45	50.69	-199.255	7.012
9	12	19	22	1661.75	0	137.6	-11.63	-36.681	7.012
9	12	22	17	2475.91	0	0.67	17.84	143.463	7.012
9	12	17	20	2740.2	0	-48.16	-64.44	-125.097	7.012
9	12	20	23	1728.51	0	122.93	174.82	-28.183	7.012
9	12	23	18	2259.03	0	-29.72	-138.04	90.944	7.012
9	12	18	21	2423.62	0	-47.05	1.4	-75.129	7.012
9	12	21	24	1793.48	0	141.64	48.63	-22.238	7.012
9	13	20	24	1912.64	0	71.04	87.77	-53.064	6.292
10	12	14	16	3424.04	0	3.16	-10.65	-1233.531	13.581
10	12	16	18	2638.41	0	4.97	27.71	-237.625	13.581
10	12	18	20	2493.98	0	19.34	-34.43	-89.847	13.581
10	12	20	22	1664.61	0	-4.16	47.41	-29.984	13.581
10	12	22	24	2125.86	0	-9.48	38.41	-21.882	13.581
10	12	24	15	2752.59	0	3.63	-60.93	722.478	13.581
10	12	15	17	2949.49	0	3.9	40.1	-485.746	13.581
10	12	17	19	2740.67	0	-7.57	-10.66	-150.452	13.581
10	12	19	21	2145.11	0	31.78	-15.04	-53.527	13.581
10	12	21	23	1810.35	0	15.79	136.98	-24.324	13.581
10	13	17	20	2780.56	0	-1.17	-61.63	-304.008	10.686
10	13	20	23	1833.18	0	26.07	171.94	-61.67	10.686
10	13	23	18	2314.11	0	5.61	-138.05	204.354	10.686
10	13	18	21	2441.96	0	5.23	2.92	-169.902	10.686
10	13	21	24	1852.25	0	-0.65	45.88	-46.026	10.686
10	13	24	19	2056.4	0	7.37	-30.09	126.169	10.686
10	13	19	22	2024.97	0	11.31	-5.44	-95.666	10.686
11	13	15	17	3103.24	0	2.92	40.35	-891.235	10.827
11	13	17	19	2798.72	0	2.07	-12.06	-200.944	10.827
11	13	19	21	2144.13	0	15.55	-14.35	-61.578	10.827
11	13	21	23	1770.68	0	7.46	135.02	-25.427	10.827
11	13	23	16	2545	0	5.22	-165.03	511.638	10.827
11	13	16	18	2693.95	0	4.87	29.41	-353.686	10.827
11	13	18	20	2536.8	0	6.27	-37.49	-111.018	10.827
11	13	20	22	1663.93	0	4.82	48.78	-33.099	10.827
11	13	22	24	2165.73	0	-7.12	37.26	-23.198	10.827
11	14	18	21	2755.29	0	2.94	2.66	-411.998	14.615
11	14	21	24	1845.53	0	13.14	45.77	-84.911	14.615
11	14	24	19	2162.53	0	10.64	-31.65	261.178	14.615
11	14	19	22	2156.06	0	14.85	-5.16	-205.161	14.615
11	14	22	20	1793.23	0	4.29	-48.57	89.531	14.615
11	14	20	23	1976.69	0	3.63	175.78	-127.717	14.615
12	14	16	18	3497.27	0	4.06	33.91	-2759.128	29.742
12	14	18	20	3091.16	0	5.1	-43.53	-609.682	29.742
12	14	20	22	1884.14	0	4.23	49.81	-148.647	29.742
12	14	22	24	2222.95	0	-1.84	38.47	-87.688	29.742
12	14	24	17	3081.19	0	2.69	-18.82	1701.604	29.742
12	14	17	19	3515.4	0	2.53	-12.35	-1267.854	29.742
12	14	19	21	2475.68	0	4.33	-14.12	-297.623	29.742
12	14	21	23	2008.04	0	2.41	135.38	-109.73	29.742
12	15	19	22	2151.3	0	3.86	-4.73	-712.083	32.352
12	15	22	20	1750.42	0	1.62	-49.89	289.695	32.352
12	15	20	23	1901.05	0	3.04	174.71	-400.431	32.352
12	15	23	21	1840.77	0	4.07	-132.78	203.441	32.352
12	15	21	24	1865.33	0	2.82	47.66	-266.789	32.352
13	15	17	19	3666.67	0	-0.92	-8.62	-1967.378	20.228
13	15	19	21	2321.17	0	28.57	-19.92	-311.36	20.228
13	15	21	23	1814.36	0	4.83	132.72	-97.351	20.228
13	15	23	18	2755.6	0	4.14	-131.23	961.048	20.228
13	15	18	20	3118.47	0	4.4	-40.87	-764.909	20.228
13	15	20	22	1749.97	0	3.62	49.58	-143.08	20.228
13	15	22	24	2255.84	0	-5.53	39.41	-83.836	20.228
13	16	20	23	1864.07	0	-3.56	175.37	-354.209	18.572
13	16	23	21	1754.85	0	-8.62	-133.86	166.728	18.572
13	16	21	24	1754.4	0	3.04	48.8	-212.145	18.572
14	16	18	20	3477.81	0	2.68	-35.8	-3458.01	37.484
14	16	20	22	1690.43	0	4.16	46.37	-420.2	37.484
14	16	22	24	2090.96	0	4.78	43.33	-207.906	37.484
14	16	24	19	2191.07	0	2.7	-36.69	1416.088	37.484
14	16	19	21	2399.19	0	2.24	-14.23	-1090.525	37.484
14	16	21	23	1650.51	0	2.51	133.31	-250.074	37.484
14	17	21	24	1544.58	0	6.11	55.3	-333.304	21.091
15	17	19	21	2466.6	0	-4.25	-16.7	-1483.874	22.679
15	17	21	23	1515.78	0	9.6	130.93	-227.968	22.679
15	17	23	20	1726.14	0	-3.76	-170.04	571.132	22.679
15	17	20	22	1658.27	0	-10.76	50.22	-456.043	22.679
15	17	22	24	1842.1	0	1.91	40.96	-168.866	22.679
16	18	20	22	2362.01	0	-12.3	51.29	-533.074	8.508
16	18	22	24	2209.92	0	42.11	38.77	-124.687	8.508
16	18	24	21	1805.07	0	27.04	-49.46	224.059	8.508
16	18	21	23	1863.52	0	21.8	131.78	-192.261	8.508
17	19	21	23	3219.47	0	14.01	131.7	-450.829	5.279
17	19	23	22	4522.03	0	19.04	-120.25	189.968	5.279
17	19	22	24	3807.05	0	-3.33	40.61	-243.707	5.279
18	20	22	24	7431.89	0	0.93	41.72	-1013.4	5.141
24	22	20	18	7473.57	0	7.45	24.05	-3393.634	17.119
24	22	18	16	2268.42	0	19.18	11.95	-257.513	17.119
24	22	16	14	2094.07	0	4.34	-7.36	-95.088	17.119
24	22	14	12	2246.12	0	-0.65	37.09	-50.996	17.119
24	22	12	10	2110.44	0	6.08	-38.38	-27.381	17.119
24	22	10	19	3138.19	0	0.33	1.15	1038.216	17.119
24	22	19	17	3811.6	0	-0.26	34.49	-791.218	17.119
24	22	17	15	1844.27	0	2.21	-7.94	-127.612	17.119
24	22	15	13	2220.89	0	-1.95	-23.97	-69.851	17.119
24	22	13	11	2180.63	0	-3.41	11.86	-36.93	17.119
24	21	17	14	1558.25	0	3.16	-31.1	-222.852	13.978
24	21	14	11	1848.86	0	-0.31	11.66	-81.358	13.978
24	21	11	8	1971.21	0	15.55	6.42	-37.949	13.978
24	21	8	16	1788.06	0	3.88	-9.66	240.964	13.978
24	21	16	13	1741.56	0	2.9	-5.56	-158.498	13.978
24	21	13	10	1863.27	0	6.3	-3.38	-60.562	13.978
24	21	10	7	1696.56	0	-8.77	32.82	-25.95	13.978
24	21	7	15	1824.12	0	2.08	-6.53	174.295	13.978
24	21	15	12	1857.02	0	2.67	12.4	-114.757	13.978
24	21	12	9	1805.82	0	159.92	-7.91	-44.637	13.978
24	21	9	6	1660.73	0	-299.99	15.49	-20.504	13.963
24	20	13	9	1354.29	0	805.37	31.59	-17.898	2.997
24	20	9	5	2966.37	0	-299.99	-36.68	-14.443	2.997
24	20	5	1	1045.45	0	8.39	33.31	-2.434	2.997
24	20	1	12	1643.15	0	19.59	5.88	25.484	2.997
24	20	12	8	1879.09	0	96.1	-16.27	-18.674	2.997
24	20	8	4	1391.6	0	-220.67	8.77	-5.532	2.997
24	20	4	11	1766.38	0	18.48	-13.49	18.274	2.997
24	20	11	7	1855.9	0	12.86	17.25	-14.243	2.997
24	20	7	3	1349.67	0	19.65	72.31	-4.439	2.997
24	20	10	6	1360.51	0	88.18	47.79	-8.19	2.979
24	20	6	2	2010.79	0	-123.81	-49.2	-5.502	2.979
23	21	19	17	3299.78	0	10.41	29.98	-938.887	10.727
23	21	17	15	1518.02	0	22.3	-6.08	-107.98	10.727
23	21	15	13	1855.18	0	3.1	-18.56	-52.786	10.727
23	21	13	11	1863.83	0	5.59	11.52	-26.516	10.727
23	21	11	9	1972.93	0	-40.33	15.27	-16.039	10.727
23	21	9	18	1899.31	0	6.22	-37.98	393.727	10.727
23	21	18	16	1953.89	0	10.31	14.12	-254.144	10.727
23	21	16	14	1676.87	0	2.07	-2.46	-72.704	10.727
23	21	14	12	2041.74	0	2.11	33.65	-40.238	10.727
23	21	12	10	1876.39	0	15.37	-36.82	-19.912	10.727
23	20	16	13	1821.67	0	10.35	0.97	-51.604	2.769
23	20	13	10	2002.28	0	-14.81	-5.36	-17.452	2.769
23	20	10	7	1757.52	0	10.6	32.74	-6.702	2.769
23	20	7	15	1875.02	0	5.97	-9.46	50.05	2.769
23	20	15	12	1908.15	0	4.29	14.58	-34.398	2.769
23	20	12	9	1673.92	0	600.62	-5.68	-10.777	2.769
23	20	9	6	2042.04	0	-299.99	17.93	-6.187	2.769
23	20	6	14	1924.51	0	8.94	-45.36	36.424	2.769
23	20	14	11	1965.38	0	11.33	13.12	-24.057	2.769
23	20	11	8	1954.44	0	93.04	5.73	-9.569	2.769
23	20	8	5	0	0	0	-20.45	0	2.74
23	19	12	8	2103.81	0	-13.19	-15.98	-41.638	4.488
23	19	8	4	1544.54	0	83.33	8.28	-11.262	4.488
23	19	4	11	1982.07	0	-9.19	-10.68	39.124	4.488
23	19	11	7	2089.87	0	-18.38	16.11	-31.102	4.488
23	19	7	3	1568.44	0	-28.27	49.49	-9.337	4.488
23	19	3	10	1844.43	0	-5.66	-82.4	28.576	4.488
23	19	10	6	1943.9	0	18.53	49.15	-22.341	4.488
23	19	6	2	1390.54	0	-95.26	-50.72	-6.849	4.488
23	19	2	9	1590.52	0	116.4	33.36	19.732	4.488
23	19	9	5	1664.47	0	189.9	-32.89	-15.099	4.488
23	19	5	1	954.28	0	-60.78	20.36	-3.923	4.475
22	20	18	16	2404.28	0	-9.61	13.26	-197.766	3.101
22	20	16	14	1705.72	0	-7.76	0.4	-35.076	3.101
22	20	14	12	1866.33	0	8.95	31.1	-15.352	3.101
22	20	12	10	1589.14	0	6.57	-35.8	-6.536	3.101
22	20	10	8	1888.94	0	355.32	20.08	-4.439	3.101
22	20	8	17	1678.22	0	-2.78	9.97	100.574	3.101
22	20	17	15	1649.87	0	-30.95	-5.01	-62.039	3.101
22	20	15	13	1721.62	0	0.46	-13.78	-21.579	3.101
22	20	13	11	1658.82	0	46.89	9.08	-9.451	3.101
22	20	11	9	737.78	0	999.99	15.7	-2.263	3.101
22	19	15	12	2141.35	0	9.23	14.4	-125.83	5.743
22	19	12	9	1993.89	0	-15.39	-5.16	-36.051	5.743
22	19	9	6	1748.82	0	56.51	19.33	-13.834	5.743
22	19	6	14	2094.59	0	9.61	-45.09	115.982	5.743
22	19	14	11	2157.59	0	17.44	14.95	-80.681	5.743
22	19	11	8	2253.45	0	-38.54	1.26	-30.095	5.743
22	19	8	5	1221.4	0	129.32	-22.2	-7.676	5.743
22	19	5	13	1939.45	0	8.1	13.33	76.143	5.743
22	19	13	10	2007.7	0	2.24	-10.97	-50.978	5.743
22	19	10	7	1875.9	0	-11.63	34.78	-19.052	5.743
22	19	7	4	771.87	0	703.94	-2.23	-3.952	5.79
22	18	11	7	2210.74	0	4.29	17.7	-192.869	19.785
22	18	7	3	1656.58	0	6.47	35.28	-53.245	19.785
22	18	3	10	1925.02	0	5.62	-71.14	167.493	19.785
22	18	10	6	2017.04	0	3.33	50.82	-132.321	19.785
22	18	6	2	1470.2	0	13.32	-48.55	-38.579	19.785
22	18	2	9	1713.17	0	14.53	29.78	116.997	19.785
22	18	9	5	1874.23	0	18.39	-31.62	-94.95	19.785
22	18	5	1	1186.6	0	5.28	16.31	-25.763	19.785
22	18	1	8	1377.32	0	30.66	4.15	75.321	19.785
22	18	8	4	1534.05	0	35.03	13.64	-61.34	19.785
21	19	17	15	2462.95	0	-7.26	-7.25	-348.882	5.34
21	19	15	13	2351.61	0	1.87	-8.34	-83.278	5.34
21	19	13	11	2153.35	0	29.77	7.56	-30.503	5.34
21	19	11	9	2400.07	0	-239.15	10.86	-16.999	5.34
21	19	9	7	1931.93	0	430.2	6.44	-7.819	5.34
21	19	7	16	2367.84	0	2.74	-31.16	244.37	5.34
21	19	16	14	2398.24	0	2.47	2.84	-155.299	5.34
21	19	14	12	2465.45	0	1.88	27.88	-53.217	5.34
21	19	12	10	2116.24	0	14.4	-33.16	-20.763	5.34
21	19	10	8	2445.79	0	-38.07	19.63	-12.921	5.34
21	18	14	11	2693.9	0	2.26	14.4	-433.647	15.733
21	18	11	8	2578.14	0	1.13	-1.23	-127.696	15.733
21	18	8	5	1597.96	0	10.14	-24.12	-34.627	15.733
21	18	5	13	2319.73	0	2.02	18.37	351.872	15.733
21	18	13	10	2403.65	0	1.02	-13.06	-246.225	15.733
21	18	10	7	2246.88	0	3.4	36.14	-82.202	15.733
21	18	7	4	1835.02	0	0.18	-7.85	-31.593	15.733
21	18	4	12	2206.28	0	1.14	7.25	237.284	15.733
21	18	12	9	2347.32	0	-45.7	-4.81	-163.272	15.733
21	18	9	6	1954.46	0	140.34	19.65	-54.378	15.733
21	18	6	3	1712.91	0	9.61	11.14	-23.769	15.694
21	17	10	6	2378.95	0	-0.21	50.31	-186.683	17.796
21	17	6	2	1668.22	0	16.31	-55.39	-48.23	17.796
21	17	2	9	1978	0	57.36	34.68	154.805	17.796
21	17	9	5	2159.35	0	69.17	-33.77	-127.419	17.796
21	17	5	1	1357.82	0	4.85	8.82	-32.049	17.796
21	17	1	8	1598.05	0	7.1	15.59	98.167	17.796
21	17	8	4	1793.26	0	7.1	9.39	-81.717	17.796
21	17	4	7	2024.16	0	3.71	7.22	60.037	17.796
21	17	7	3	1884.76	0	3.29	22.88	-67.789	17.796
20	18	16	14	3336.85	0	0.22	3.84	-248.539	2.808
20	18	14	12	2967.17	0	9.79	24.16	-55.251	2.808
20	18	12	10	2430.24	0	-4.46	-32.62	-18.101	2.808
20	18	10	8	2732.52	0	-119.86	19.23	-10.176	2.808
20	18	8	6	1615.01	0	443.1	30.02	-3.437	2.808
20	18	6	15	2816.73	0	3	-28.83	152.853	2.808
20	18	15	13	3018.23	0	1.28	-4.35	-102.769	2.808
20	18	13	11	2497.16	0	2.68	5.73	-28.342	2.808
20	18	11	9	2958.84	0	-299.99	9.05	-15.265	2.808
20	18	9	7	1763.62	0	999.99	6.1	-4.899	2.808
20	17	13	10	2833.07	0	-19.37	-13.17	-82.789	2.856
20	17	10	7	2336.17	0	70.22	33.1	-21.006	2.856
20	17	7	4	2082.31	0	0.64	-7.82	-8.191	2.856
20	17	4	12	2526.53	0	-4.46	6.79	69.572	2.856
20	17	12	9	2761.49	0	-203.96	-3.9	-51.353	2.856
20	17	9	6	2011.07	0	768.14	18.66	-13.356	2.856
20	17	6	3	1842.05	0	0.63	5.59	-5.757	2.856
20	17	3	11	2508.48	0	1.14	-32.96	48.976	2.856
20	17	11	8	2943.98	0	-37.13	-0.09	-37.174	2.856
20	17	8	5	1871.91	0	151.68	-25.01	-9.455	2.856
20	17	5	2	1854.5	0	-149.9	0.95	-4.639	2.829
20	16	9	5	2130.84	0	276.95	-27.09	-27.692	2.947
20	16	5	1	1185.1	0	435.76	1.46	-5.674	2.947
20	16	1	8	1593.26	0	53.83	21.6	20.65	2.947
20	16	8	4	1783.51	0	85.32	9.72	-17.429	2.947
20	16	4	7	2075.75	0	-5.21	7.96	13.003	2.947
20	16	7	3	1921.79	0	-17.81	15.31	-14.503	2.947
20	16	3	6	1790.16	0	-26.05	-3.81	8.793	2.947
20	16	6	2	1712.8	0	-17.66	-51.33	-10.202	2.947
19	17	15	13	3655.59	0	0.66	0.37	-509.306	5.252
19	17	13	11	2793.27	0	5.22	-0.03	-97.291	5.252
19	17	11	9	2986.99	0	25.22	8.96	-41.615	5.252
19	17	9	7	2431.98	0	-10.55	12.64	-16.941	5.252
19	17	7	5	2201.68	0	-33.56	-41.1	-8.764	5.252
19	17	5	14	3194.68	0	1.41	11.89	324.28	5.252
19	17	14	12	3521.26	0	2.84	25.52	-224.27	5.252
19	17	12	10	2699.71	0	-13.27	-32.21	-57.315	5.252
19	17	10	8	3053.84	0	42.83	20.85	-29.47	5.252
19	17	8	6	2073.16	0	-44.82	27.96	-10.773	5.252
19	16	12	9	2776.21	0	-36.11	-4.64	-160.567	5.653
19	16	9	6	1922.73	0	161.32	16.13	-34.217	5.653
19	16	6	3	1949.7	0	49.04	3.18	-15.18	5.653
19	16	3	11	2582.02	0	6.11	-30.24	140.72	5.653
19	16	11	8	2962.5	0	8.84	3.9	-109.035	5.653
19	16	8	5	1807.62	0	-20.69	-25.62	-23.761	5.653
19	16	5	2	1481.73	0	35.04	0.89	-9.166	5.653
19	16	2	10	2320.53	0	4.59	6.62	89.669	5.653
19	16	10	7	2578.43	0	3.83	35.8	-64.438	5.653
19	16	7	4	2212.59	0	5.29	-8.25	-22.118	5.653
19	16	4	1	1454.93	0	-200.65	-31.41	-7.274	5.654
19	15	8	4	2104.2	0	-55.69	10.85	-53.179	5.731
19	15	4	7	2453.89	0	-65.93	5.3	39.002	5.731
19	15	7	3	2173.27	0	5.71	8.88	-41.3	5.731
19	15	3	6	2103.7	0	42.2	-0.06	25.627	5.731
19	15	6	2	1894.99	0	38.73	-49.18	-27.81	5.731
19	15	2	5	1599.28	0	23.5	0.52	15.277	5.731
19	15	5	1	1614.7	0	-0.38	1.58	-18.703	5.731
18	16	14	12	3538.78	0	4.2	23.74	-1968.495	20.971
18	16	12	10	2657.05	0	5.69	-30.98	-369.506	20.971
18	16	10	8	3017.21	0	-2.39	19.91	-167.837	20.971
18	16	8	6	1589.27	0	73.86	23.19	-44.203	20.971
18	16	6	4	2454.42	0	-38.05	-13.55	-39.009	20.971
18	16	4	13	2729.91	0	4.57	-11.49	1106.374	20.971
18	16	13	11	2739.98	0	5.49	-2.21	-696.755	20.971
18	16	11	9	2991.39	0	-1.62	7.39	-253.562	20.971
18	16	9	7	2464.82	0	6.46	14.46	-94.967	20.971
18	16	7	5	2210.94	0	19.39	-41.14	-45.869	20.971
18	15	11	8	3327.96	0	1	7.04	-762.742	22.401
18	15	8	5	2003.79	0	16.07	-26.39	-141.309	22.401
18	15	5	2	1707.17	0	-19.5	0.72	-52.671	22.401
18	15	2	10	2640.28	0	2.43	5.82	570.219	22.401
18	15	10	7	2901.79	0	3.4	35.77	-423.224	22.401
18	15	7	4	2413.38	0	10.52	-5.27	-125.711	22.401
18	15	4	1	1202.37	0	-84.21	-33.43	-29.473	22.401
18	15	1	9	2348.33	0	-2.12	25.59	359.594	22.401
18	15	9	6	2560.16	0	10.44	19.82	-253.542	22.401
18	15	6	3	2287.63	0	-22.57	1.55	-90.621	22.401
18	14	7	3	2435.21	0	-2.45	6.84	-224.398	20.898
18	14	3	6	2466.56	0	-23.68	-1.12	142.942	20.898
18	14	6	2	2213.07	0	-18.59	-45.51	-153.344	20.898
18	14	2	5	1847.72	0	-9.42	-0.75	82.07	20.898
18	14	5	1	1764.71	0	-5.21	2.69	-94.429	20.898
17	15	13	11	3116.73	0	3.09	-3.81	-2302.944	27.856
17	15	11	9	3310.89	0	5.12	3.44	-611.602	27.856
17	15	9	7	2708.68	0	2.42	15.32	-200.144	27.856
17	15	7	5	2404.53	0	11.29	-41.71	-88.835	27.856
17	15	5	3	2017.34	0	-27.52	47.83	-42.589	27.856
17	15	3	12	2859.31	0	3.06	-9.03	1539.281	27.856
17	15	12	10	2930.62	0	3.84	-27.78	-989.91	27.856
17	15	10	8	3300.63	0	-0.15	17.45	-371.631	27.856
17	15	8	6	1778.36	0	40.26	18.64	-91.015	27.856
17	15	6	4	2678.11	0	-15.55	-8.68	-73.803	27.856
17	14	10	7	3291.93	0	1.61	30.44	-858.102	25.477
17	14	7	4	2630.41	0	7.91	-7.88	-210.974	25.477
17	14	4	1	1316.56	0	-27.57	-34.83	-46.198	25.477
17	14	1	9	2647.52	0	1.6	29.96	650.311	25.477
17	14	9	6	2875.64	0	11.61	16.93	-477.012	25.477
17	14	6	3	2530.77	0	-31.11	-0.72	-149.93	25.477
17	14	3	8	2198.52	0	1.7	-16.5	321.597	25.477
17	14	8	5	2199.28	0	7.71	-28.74	-247.716	25.477
17	14	5	2	1889.83	0	-17.51	1.4	-85.144	25.477
17	13	6	2	2693.88	0	-50.05	-43.36	-227.204	19.127
17	13	2	5	2226.98	0	-24.88	-2.84	118.125	19.127
17	13	5	1	2111.26	0	-14.53	2.61	-133.897	19.127
16	14	12	10	3403.37	0	3.63	-26.09	-3815.311	42.262
16	14	10	8	3877.61	0	3.88	11.35	-1086.738	42.262
16	14	8	6	2159.89	0	3.03	13.63	-242.132	42.262
16	14	6	4	2916.08	0	-3.66	-6.16	-163.452	42.262
16	14	4	2	1327.88	0	10.17	-35.06	-42.532	42.262
16	14	2	11	3542.66	0	3.08	26.11	2893.494	42.262
16	14	11	9	3934.51	0	3.35	4.78	-2016.339	42.262
16	14	9	7	3219.14	0	3.21	13.01	-549.909	42.262
16	14	7	5	2799.08	0	0.51	-45.36	-217.342	42.262
16	14	5	3	2286.66	0	2.51	45.04	-95.606	42.262
16	13	9	6	3676.73	0	17.3	12.11	-999.74	26.576
16	13	6	3	3164.58	0	-55.03	-3.12	-264.764	26.576
16	13	3	8	2713.75	0	3.29	-10.97	595.992	26.576
16	13	8	5	2713.11	0	9.35	-31.68	-469.459	26.576
16	13	5	2	2338.62	0	-17.15	2.49	-144.521	26.576
16	13	2	7	2885.21	0	-3.15	44.6	440.245	26.576
16	13	7	4	3265.94	0	1.7	-8.13	-383.722	26.576
16	13	4	1	1597.61	0	-11.59	-37.31	-75.083	26.576
16	12	5	1	2364.98	0	-2.05	1.2	-362.198	34.732
15	13	11	9	5054.01	0	3.57	1	-3878.14	28.928
15	13	9	7	4124.07	0	2.72	7.11	-791.139	28.928
15	13	7	5	3433.92	0	4.31	-45.97	-263.498	28.928
15	13	5	3	2926.57	0	-26.21	42.31	-112.284	28.928
15	13	3	1	1414.8	0	88.96	-40.76	-31.018	28.928
15	13	1	10	4102.14	0	3.65	24.1	2293.344	28.928
15	13	10	8	4926.68	0	1.76	9.42	-1728.196	28.928
15	13	8	6	2551.61	0	67.77	6.62	-298.353	28.928
15	13	6	4	3774.07	0	-75.17	-2.61	-200.588	28.928
15	13	4	2	1753.93	0	-52.3	-34.49	-50.195	28.928
15	12	8	5	3003.94	0	7.03	-31.3	-1200.541	39.062
15	12	5	2	2635.92	0	-8.97	1.78	-324.141	39.062
15	12	2	7	3278.12	0	0.82	43.22	1058.173	39.062
15	12	7	4	3697.64	0	2.82	-7.37	-940.408	39.062
15	12	4	1	1727.32	0	7.99	-36.49	-156.894	39.062
15	12	1	6	3010.41	0	-21.56	35.6	675.157	39.062
15	12	6	3	3467.79	0	-29.79	5.61	-598.855	39.062
14	12	10	8	5814.05	0	6.51	9.71	-5405.6	35.051
14	12	8	6	2910.14	0	27.75	0.14	-676.424	35.051
14	12	6	4	4120.5	0	-34.11	4.78	-383.103	35.051
14	12	4	2	1798.72	0	-20.37	-33.77	-83.618	35.051
14	12	2	9	4337.28	0	3.72	28.41	2822.804	35.051
14	12	9	7	4793.36	0	4.68	14.76	-2037.309	35.051
14	12	7	5	3892.36	0	5.68	-46.14	-551.452	35.051
14	12	5	3	3239.64	0	-10.22	41.55	-208.627	35.051
14	12	3	1	1558.49	0	10.66	-38.89	-54.042	35.051
14	11	7	4	3536.88	0	31.9	-5.67	-540.119	14.926
14	11	4	1	1699.75	0	-95.52	-36.65	-79.868	14.926
14	11	1	6	2839.42	0	-85.9	28.18	350.223	14.926
14	11	6	3	3225.58	0	-96.45	10.38	-313.46	14.926
14	11	3	5	2969.72	0	-43.22	-40.67	151.424	14.926
14	11	5	2	2571.42	0	-43	5.7	-169.678	14.926
13	11	9	7	4713.17	0	-0.57	14.69	-1528.461	12.226
13	11	7	5	3471.07	0	42.65	-46.63	-281.414	12.226
13	11	5	3	2880.04	0	-43.62	40.81	-93.399	12.226
13	11	3	1	1334.75	0	-11.75	-36.78	-21.643	12.226
13	11	1	8	2654.04	0	4.94	31.36	602.487	12.226
13	11	8	6	2637.28	0	51.71	-4.7	-390.975	12.226
13	11	6	4	3360.01	0	-77.25	10.34	-166.04	12.226
13	11	4	2	1546.29	0	-130.13	-33.79	-34.733	12.226
13	10	6	3	3432.06	0	-49.02	14.63	-432.645	12.321
13	10	3	5	3065.32	0	-14.69	-40.23	193.207	12.321
13	10	5	2	2671.67	0	-15.55	5.36	-214.321	12.321
13	10	2	4	1629.75	0	-44.18	34.94	68.597	12.321
13	10	4	1	1649.45	0	-30.58	-34.71	-89.846	12.321
12	10	8	6	2408.19	0	50.56	-10.17	-889.03	13.917
12	10	6	4	3891.24	0	-97.29	10.29	-359.132	13.917
12	10	4	2	1625.35	0	-72.03	-34.54	-60.003	13.917
12	10	2	7	3209.43	0	1.8	42.31	770.134	13.917
12	10	7	5	3442.22	0	10.08	-46.4	-580.92	13.917
12	10	5	3	3047.34	0	-23.95	39.73	-171.426	13.917
12	10	3	1	1380.02	0	7.17	-34.17	-35.287	13.917
12	9	5	2	2738.19	0	6.93	6.04	-184.02	6.569
12	9	2	4	1568.35	0	12.79	35.28	52.701	6.569
12	9	4	1	1622.69	0	4.56	-35.03	-69.397	6.569
11	9	7	5	3612.19	0	-3.37	-44.16	-506.929	5.291
11	9	5	3	3294.17	0	15.23	39.03	-115.574	5.291
11	9	3	1	1487.79	0	5.24	-33.51	-20.879	5.291
11	9	1	6	3468.68	0	47.06	7.77	316.412	5.291
11	9	6	4	4221.47	0	46.52	28.7	-270.827	5.291
11	9	4	2	1627.1	0	68.59	-34.59	-34.795	5.291
11	8	4	1	1888.14	0	26.42	-34.19	-247.938	12.834
10	8	6	4	4934.04	0	48.35	38.2	-1535.134	11.729
10	8	4	2	1835.5	0	58.03	-36.39	-142.77	11.729
10	8	2	5	3570.21	0	15.38	-6.93	610.943	11.729
10	8	5	3	4019.97	0	15.3	40.22	-571.767	11.729
10	8	3	1	1675.18	0	-2.69	-32.08	-79.421	11.729
9	7	5	3	3133.76	0	2.13	39.72	-505.812	6.085
9	7	3	1	1222.93	0	13.96	-32.93	-49.348	6.085
9	7	1	4	1439.89	0	-5.32	35.74	127.825	6.085
9	7	4	2	1401.31	0	-6.93	-34.2	-103.397	6.085
8	6	4	2	1207.57	0	-123.62	-34.22	-67.067	2.094
8	6	2	3	789.45	0	-37.5	31.38	13.154	2.094
8	6	3	1	990.45	0	16.06	-31.88	-25.147	2.094
7	5	3	1	1331.21	0	7.04	-30.67	-467.324	13.234
