Spa.1	Spa.2	Spa.3	Spa.4	Rho 	Dev.	 M  	Sp  	Vp  	In  
1	3	5	7	12119.96	0	9.16	56.87	-987.22	3.071
1	3	7	9	14879.92	0	27.02	-75.54	-303.007	3.071
1	3	9	11	9375.71	0	16.93	19.12	-76.369	3.071
1	3	11	13	24792.39	0	49.32	30.75	-100.972	3.071
1	3	13	15	11403.67	0	1.32	23.64	-26.539	3.071
1	3	15	6	15065.19	0	17.92	-19	894.045	3.071
1	3	6	8	16311.82	0	14.2	-56.88	-607.389	3.071
1	3	8	10	10251.95	0	9.86	4.96	-127.248	3.071
1	3	10	12	19113.39	0	50.92	54.75	-107.835	3.071
1	3	12	14	13592.75	0	-34.5	-10.92	-41.294	3.071
1	4	8	11	9110.56	0	10.33	22.69	-428.603	4.598
1	4	11	14	21546.66	0	14.32	25.71	-311.894	4.598
1	4	14	17	14616.6	0	8.35	-35.09	-92.566	4.598
1	4	17	9	13761.29	0	12.15	-8.14	610.045	4.598
1	4	9	12	13623.8	0	15.38	55.86	-407.863	4.598
1	4	12	15	13547.72	0	8.97	17.31	-144.852	4.598
1	4	15	18	13424.39	0	1.9	-39.43	-67.545	4.598
1	4	18	10	15901.96	0	14.26	-31.83	499.821	4.598
1	4	10	13	17453.26	0	16.19	48.67	-354.789	4.598
1	4	13	16	12126.91	0	362.27	-25.76	-98.606	4.598
1	4	16	19	13832.99	0	-299.99	-1.03	-56.011	4.579
1	5	12	16	17128.6	0	511.85	-27.22	-220.375	2.918
1	5	16	20	19044.31	0	-299.99	-70.26	-90.272	2.918
1	5	20	24	15730.87	0	-4.8	93.05	-35.662	2.918
1	5	24	13	16721.68	0	-9.85	0.17	252.473	2.918
1	5	13	17	18843.95	0	3.54	-41.96	-182.307	2.918
1	5	17	21	11583.31	0	-74.88	27.17	-44.825	2.918
1	5	21	14	16904.4	0	-6.36	9.08	170.252	2.918
1	5	14	18	18546.71	0	13.46	-10.74	-138.565	2.918
1	5	18	22	13537.42	0	37.91	31.69	-43.346	2.918
1	5	15	19	17517.71	0	-45.76	-51.51	-102.28	2.889
1	5	19	23	14549.66	0	-0.23	-10.29	-38.614	2.889
2	4	6	8	12585.64	0	9.21	-66.47	-1566.15	4.691
2	4	8	10	8676.54	0	-1.27	5.93	-269.926	4.691
2	4	10	12	17888.19	0	21.11	53.09	-222.6	4.691
2	4	12	14	13694.79	0	-0.07	-11.64	-85.209	4.691
2	4	14	16	7061.43	0	134.41	-18.11	-25.106	4.691
2	4	16	7	12120.85	0	10.01	48.9	1098.913	4.691
2	4	7	9	11796.04	0	6.68	-70.55	-671.037	4.691
2	4	9	11	8505.73	0	7.46	15.67	-161.287	4.691
2	4	11	13	24211	0	7.3	32.83	-208.679	4.691
2	4	13	15	12756.41	0	9.17	20.83	-59.204	4.691
2	5	9	12	17527.36	0	22.54	54.61	-520.025	2.9
2	5	12	15	19337.17	0	-7.6	15.37	-176.53	2.9
2	5	15	18	19702.57	0	-28.96	-40.51	-78.691	2.9
2	5	18	10	22040.73	0	13.58	-28.23	616.207	2.9
2	5	10	13	23533.18	0	19.49	48.61	-444.318	2.9
2	5	13	16	17010.23	0	393.95	-16.91	-114.701	2.9
2	5	16	19	21855.08	0	-299.99	-14.33	-69.35	2.9
2	5	19	11	26146.97	0	7.41	-0.8	518.303	2.9
2	5	11	14	30092.37	0	9.69	25.84	-385.787	2.9
2	5	14	17	21397	0	17.48	-36.39	-109.725	2.9
2	5	17	20	11319.38	0	-74.48	-55.52	-28.851	2.883
2	6	13	17	17954.8	0	15.28	-43.12	-253.438	3.201
2	6	17	21	12110.82	0	-51.23	25.48	-62.981	3.201
2	6	21	14	16787.78	0	1.87	10.29	236.331	3.201
2	6	14	18	18221.43	0	8.5	-13.47	-193.403	3.201
2	6	18	22	13406.53	0	20.87	33.76	-56.919	3.201
2	6	22	15	16590.3	0	5.42	9.29	183.314	3.201
2	6	15	19	17638.33	0	-7.59	-52.1	-144.576	3.201
2	6	19	23	14314.79	0	2.54	-12.44	-50.286	3.201
2	6	23	16	17678.93	0	-131.74	16.53	156.423	3.201
2	6	16	20	18005.61	0	-180.54	-73.53	-116.487	3.201
2	6	20	24	16206.38	0	7.88	92.91	-47.358	3.181
3	5	7	9	15829.42	0	7.37	-68.82	-859.413	2.047
3	5	9	11	11833.74	0	8.13	11.87	-160.62	2.047
3	5	11	13	36491.09	0	11.54	33.77	-198.118	2.047
3	5	13	15	20292.48	0	31.84	19.72	-55.086	2.047
3	5	15	17	24425.37	0	-36.35	-64.94	-37.889	2.047
3	5	17	8	15932.54	0	8.11	-7.97	630.222	2.047
3	5	8	10	11020.99	0	6.97	8.68	-273.533	2.047
3	5	10	12	26003.15	0	13.37	49.8	-215.126	2.047
3	5	12	14	20920.14	0	-8.05	-12.75	-78.67	2.047
3	5	14	16	20067.6	0	299.12	-21.26	-40.634	2.047
3	6	10	13	20275.82	0	-0.87	47.9	-460.004	2.217
3	6	13	16	16619.26	0	8.34	-30.99	-116.014	2.217
3	6	16	19	20256.17	0	57.6	-1.75	-61.864	2.217
3	6	19	11	24399.69	0	5.99	-1.66	521.627	2.217
3	6	11	14	27198.35	0	7.83	25.48	-392.673	2.217
3	6	14	17	20877.76	0	2.66	-35.8	-107.65	2.217
3	6	17	20	11373.36	0	1.72	-59.29	-27.597	2.217
3	6	20	12	17553.38	0	7.88	108.71	266.071	2.217
3	6	12	15	17578.38	0	3.88	15.99	-172.324	2.217
3	6	15	18	19840.96	0	8.97	-43.13	-77.802	2.217
3	6	18	21	12541.72	0	4.37	5.73	-24.352	2.196
3	7	14	18	20617.74	0	2.78	-14.32	-169.407	1.863
3	7	18	22	16060.87	0	34.24	34.8	-48.619	1.863
3	7	22	15	19233.55	0	-2.68	8.97	157.611	1.863
3	7	15	19	20035.04	0	-8.9	-50.07	-123.786	1.863
3	7	19	23	17383.54	0	-0.18	-14.53	-42.962	1.863
3	7	23	16	19619.78	0	-76.56	14.62	126.194	1.863
3	7	16	20	19321.77	0	-106	-74.91	-92.19	1.863
3	7	20	24	19533.06	0	3.77	91.17	-39.942	1.863
3	7	24	17	15229.88	0	9.25	-29.11	78.441	1.863
3	7	17	21	13415.26	0	12.48	25.7	-50.521	1.863
4	6	8	10	7357.74	0	8.82	9.23	-604.858	3.099
4	6	10	12	21409.65	0	13.05	49.02	-440.006	3.099
4	6	12	14	18698.25	0	1.7	-12.81	-153.713	3.099
4	6	14	16	18310.68	0	303.73	-20.92	-75.263	3.099
4	6	16	18	24794.85	0	-299.99	5.79	-58.237	3.099
4	6	18	9	15533.03	0	9.08	-17.08	930.33	3.099
4	6	9	11	9051.56	0	8.34	9.4	-340.161	3.099
4	6	11	13	31917.47	0	10.8	34.67	-399.823	3.099
4	6	13	15	18254.06	0	14.42	18.48	-103.938	3.099
4	6	15	17	24590.55	0	-3.58	-64.73	-75.394	3.099
4	7	11	14	30981.57	0	8.09	25.53	-790.424	2.494
4	7	14	17	23627.03	0	5.56	-35.63	-185.474	2.494
4	7	17	20	13538.89	0	-20.05	-63.7	-46.498	2.494
4	7	20	12	19601.7	0	-4.83	112.72	471.241	2.494
4	7	12	15	19195.78	0	5.78	15.96	-311.65	2.494
4	7	15	18	22702.89	0	-16.31	-43.65	-131.639	2.494
4	7	18	21	15491.04	0	-45.12	6.3	-42.269	2.494
4	7	21	13	19507.59	0	-3.58	20.52	332.517	2.494
4	7	13	16	18339.58	0	162.35	-30.83	-202.176	2.494
4	7	16	19	23934.31	0	-299.99	-0.34	-105.541	2.494
4	7	19	22	17397.75	0	225.46	42.57	-38.162	2.481
4	8	15	19	23145.1	0	5.49	-46.99	-675.996	6.624
4	8	19	23	20100.57	0	10.55	-16.57	-216.29	6.624
4	8	23	16	22318.53	0	56.12	16.23	650.111	6.624
4	8	16	20	21813.2	0	76.1	-80.71	-479.065	6.624
4	8	20	24	22938.22	0	5.71	90.34	-201.509	6.624
4	8	24	17	17614.03	0	9.14	-23.73	402.713	6.624
4	8	17	21	15533.14	0	11.11	26.71	-263.446	6.624
4	8	21	18	16333.73	0	21.38	-6.1	180.313	6.624
4	8	18	22	18595.72	0	-9.87	35.84	-248.931	6.624
5	7	9	11	9043.54	0	7.7	-3.67	-446.28	1.86
5	7	11	13	31740.91	0	7.44	32.05	-391.587	1.86
5	7	13	15	17102.16	0	2.78	15.65	-84.396	1.86
5	7	15	17	23731.07	0	-6.02	-63.31	-58.554	1.86
5	7	17	19	12623.17	0	38.54	16.28	-17.798	1.86
5	7	19	10	19947.39	0	6.97	-6.1	717.179	1.86
5	7	10	12	20986.91	0	9.97	40.84	-473.445	1.86
5	7	12	14	17314.39	0	-7.78	-13.21	-130.199	1.86
5	7	14	16	17727.26	0	-57.82	-18.82	-60.593	1.86
5	7	16	18	24211.24	0	107.42	1.89	-44.56	1.86
5	8	12	15	20240.89	0	-17.19	17.56	-729.199	3.521
5	8	15	18	23823.14	0	77.55	-44.38	-264.078	3.521
5	8	18	21	16048.79	0	52.9	7.11	-77.831	3.521
5	8	21	13	20272.52	0	14.16	20.26	688.203	3.521
5	8	13	16	19448.35	0	-115.94	-29.55	-445.866	3.521
5	8	16	19	24016.64	0	307.62	-1.18	-196.642	3.521
5	8	19	22	19107.03	0	-73.16	39.75	-73.62	3.521
5	8	22	14	21712	0	-5.45	-19.37	522.6	3.521
5	8	14	17	24423.81	0	-4.46	-35.55	-380.2	3.521
5	8	17	20	14123.95	0	57.33	-67.46	-87.946	3.521
5	8	20	23	24133.11	0	-105.97	66.9	-74.805	3.506
5	9	16	20	18863.81	0	218.15	-81.94	-295.295	3.55
5	9	20	24	20453.93	0	22.15	88.72	-117.964	3.55
5	9	24	17	15076.99	0	23.25	-21.53	235.385	3.55
5	9	17	21	13274.76	0	32.36	27.54	-156.259	3.55
5	9	21	18	13962.43	0	48.22	-7.42	105.355	3.55
5	9	18	22	15805.65	0	-11.35	35.88	-143.677	3.55
5	9	22	19	17116.58	0	-49.64	-39.35	101.274	3.55
5	9	19	23	18454.27	0	3.08	-24.18	-132.405	3.55
6	8	10	12	35058.42	0	6.21	26.87	-3688.338	3.966
6	8	12	14	21745.25	0	31.05	-15.34	-571.93	3.966
6	8	14	16	23485.58	0	-165.8	-18.78	-247.081	3.966
6	8	16	18	28326.96	0	276.27	1.06	-149.008	3.966
6	8	18	20	15455.79	0	73.22	-88.53	-46.458	3.966
6	8	20	11	40294.67	0	7.98	94.75	3088.574	3.966
6	8	11	13	50939.36	0	7.54	26.22	-2449.874	3.966
6	8	13	15	21379.81	0	2.25	14.73	-342.746	3.966
6	8	15	17	29647.72	0	6.55	-64.55	-216.042	3.966
6	8	17	19	16089.12	0	51.41	15.93	-63.13	3.966
6	9	13	16	16676	0	-214.47	-26.56	-686.224	4.022
6	9	16	19	21094.22	0	581.68	-4.9	-267.088	4.022
6	9	19	22	17641.75	0	-27.16	37.35	-97.726	4.022
6	9	22	14	19174.55	0	2.3	-17.63	743.519	4.022
6	9	14	17	21071.6	0	5.25	-36.68	-551.794	4.022
6	9	17	20	12886.45	0	17.93	-70.39	-120.519	4.022
6	9	20	23	21858.61	0	-0.18	69.29	-96.202	4.022
6	9	23	15	19620	0	10.1	66.68	539.42	4.022
6	9	15	18	20981.17	0	2.61	-45.12	-373.067	4.022
6	9	18	21	14915.51	0	46.45	7.42	-106.085	4.022
6	9	21	24	21998.09	0	-17.18	-5.67	-78.042	4.012
6	10	17	21	10550.25	0	13.56	26.67	-191.554	4.118
6	10	21	18	11232.09	0	26.56	-7.54	128.255	4.118
6	10	18	22	12776.9	0	-3.31	33.51	-174.439	4.118
6	10	22	19	13934.6	0	-34.11	-35.74	121.952	4.118
6	10	19	23	14374.59	0	4.66	-19.95	-151.555	4.118
6	10	23	20	17277.87	0	-3.46	-68.56	118.57	4.118
6	10	20	24	16850.01	0	7.48	90.96	-140.22	4.118
7	9	11	13	54292.64	0	6.03	10.08	-4307.435	2.991
7	9	13	15	15915.73	0	43.92	11.84	-315.678	2.991
7	9	15	17	22836.11	0	30.24	-65.13	-181.176	2.991
7	9	17	19	12781.11	0	32.4	17.63	-50.701	2.991
7	9	19	21	14186.06	0	34.5	10.29	-32.157	2.991
7	9	21	12	16909.02	0	12.6	26.43	977.391	2.991
7	9	12	14	16091.19	0	16.63	-15.56	-583.604	2.991
7	9	14	16	17720.99	0	-231.81	-18.97	-214.238	2.991
7	9	16	18	22678.39	0	367.84	0.66	-124.623	2.991
7	9	18	20	12173.45	0	170.36	-91.99	-36.021	2.991
7	10	14	17	13557.08	0	-28.56	-36.18	-419.836	3.027
7	10	17	20	8709.55	0	176.92	-74.16	-82.99	3.027
7	10	20	23	15644.3	0	-19.57	71.75	-65.218	3.027
7	10	23	15	13356.37	0	17.26	67.67	389.758	3.027
7	10	15	18	14029.79	0	13.54	-45.63	-276.484	3.027
7	10	18	21	10392.21	0	60.41	8.48	-73.142	3.027
7	10	21	24	15513.56	0	5.95	-7.02	-51.382	3.027
7	10	24	16	13743.19	0	187.95	-1.95	284.352	3.027
7	10	16	19	14196.81	0	269.17	-0.54	-189.971	3.027
7	10	19	22	12795.57	0	-64.06	37.65	-68.488	3.027
7	11	18	22	8835.1	0	-186.65	47.04	-117.465	3.015
7	11	22	19	9537.91	0	-299.99	-46.15	79.751	3.015
7	11	19	23	10145.05	0	14.47	-22.16	-101.424	3.015
7	11	23	20	12365.77	0	4.26	-70.51	79.247	3.015
7	11	20	24	12387.72	0	10.46	92.74	-95.639	3.015
8	10	12	14	7613.46	0	5.46	-7.94	-3395.163	16.812
8	10	14	16	8297.21	0	-1.33	-19.72	-925.018	16.812
8	10	16	18	12399.79	0	19.68	1.29	-552.959	16.812
8	10	18	20	6632.69	0	10.84	-92.29	-147.89	16.812
8	10	20	22	10752.17	0	15.13	130.2	-136.995	16.812
8	10	22	13	8104.49	0	6.91	-2.89	2633.154	16.812
8	10	13	15	7123.14	0	6.95	13.21	-1452.117	16.812
8	10	15	17	11477.53	0	4.79	-64.73	-779.932	16.812
8	10	17	19	6746.77	0	7.11	19.65	-208.393	16.812
8	10	19	21	7867.08	0	9.63	7.82	-130.844	16.812
8	11	15	18	7825.16	0	-4.31	-45.38	-1323.255	16.528
8	11	18	21	6218.56	0	26.7	9.57	-323.561	16.528
8	11	21	24	9485.25	0	19.24	-8	-215.92	16.528
8	11	24	16	8438.7	0	12.51	-5.22	1344.679	16.528
8	11	16	19	8742.6	0	10.72	6.05	-940.798	16.528
8	11	19	22	7128.59	0	57.51	35.22	-273.969	16.528
8	11	22	17	6050.35	0	28.37	-55.19	574.147	16.528
8	11	17	20	5189.9	0	4.72	-74.13	-379.221	16.528
8	11	20	23	9292.32	0	39.19	72.08	-271.592	16.528
8	12	19	23	10809.49	0	160.09	-22.26	-126.146	2.647
8	12	23	20	12729.44	0	215.01	-72.78	93.425	2.647
8	12	20	24	14040.79	0	70.79	95.15	-123.211	2.647
9	11	13	15	3424.94	0	1.3	9.8	-1768.562	19.467
9	11	15	17	6571.88	0	1.74	-67.19	-848.392	19.467
9	11	17	19	4220.3	0	-6.94	21.04	-217.927	19.467
9	11	19	21	5063.04	0	19.21	8.23	-130.722	19.467
9	11	21	23	7255.55	0	99.49	-30.55	-107.046	19.467
9	11	23	14	5203.35	0	8.05	41.99	1957.59	19.467
9	11	14	16	4268.87	0	-1.58	-24.93	-1007.701	19.467
9	11	16	18	7817.41	0	6.44	3.27	-615.121	19.467
9	11	18	20	4238.1	0	9.22	-92.74	-151.582	19.467
9	11	20	22	6856.49	0	121.58	129.41	-132.048	19.467
9	12	16	19	16407.75	0	-211.97	6.79	-456.107	2.717
9	12	19	22	7996.75	0	302.84	31.82	-68.399	2.717
9	12	22	17	8461.28	0	61.14	-53.55	189.977	2.717
9	12	17	20	8527.04	0	-71.85	-75.46	-150.842	2.717
9	12	20	23	12393.5	0	202.41	73.91	-78.3	2.717
9	12	23	18	10630.57	0	52.34	20.18	165.831	2.717
9	12	18	21	10328.09	0	-52.18	11.81	-124.057	2.717
9	12	21	24	14199.3	0	123.01	-10.8	-68.223	2.717
9	13	20	24	13664.37	0	43.24	92.42	-164.193	2.725
10	12	14	16	8665.99	0	250.26	-20.46	-630.929	2.745
10	12	16	18	20879.55	0	-299.99	-4.1	-380.035	2.745
10	12	18	20	11001.37	0	-90.2	-93.45	-80.096	2.745
10	12	20	22	8558.26	0	714.3	129.12	-31.154	2.745
10	12	22	24	28327.44	0	-222.23	-37.54	-58.925	2.745
10	12	24	15	13220.1	0	-38.56	54.54	701.244	2.745
10	12	15	17	14261.27	0	-55.23	-66.94	-474.649	2.745
10	12	17	19	10067.41	0	-89.85	20.4	-111.689	2.745
10	12	19	21	11180.56	0	15.9	7.82	-56.381	2.745
10	12	21	23	12917.4	0	421.04	-33.07	-35.075	2.745
10	13	17	20	8344.02	0	-82.52	-77.7	-234.328	2.745
10	13	20	23	13999.9	0	65.58	74.42	-120.974	2.745
10	13	23	18	11148.24	0	-14.04	20.58	252.872	2.745
10	13	18	21	10441.96	0	-68.93	12.64	-186.61	2.745
10	13	21	24	15123.58	0	59.19	-15.62	-96.527	2.745
10	13	24	19	12299.48	0	26.95	8.74	193.833	2.745
10	13	19	22	9613.97	0	126.05	32.78	-116.663	2.745
11	13	15	17	14087.85	0	-19.18	-66.1	-1019.681	2.729
11	13	17	19	9891.95	0	-156.49	20.7	-178.995	2.729
11	13	19	21	12111.58	0	-9.35	7.6	-87.664	2.729
11	13	21	23	15934.08	0	139.48	-32.67	-57.666	2.729
11	13	23	16	16231.25	0	-197.98	22.64	822.374	2.729
11	13	16	18	17919.03	0	-266.29	-1.38	-592.906	2.729
11	13	18	20	11193.33	0	-101.89	-94.88	-123.455	2.729
11	13	20	22	13379.58	0	156.86	131.34	-67.076	2.729
11	13	22	24	24685.21	0	-80.04	-40.05	-66.638	2.729
11	14	18	21	9353.55	0	-30.04	11.17	-519.366	5.427
11	14	21	24	15235.25	0	5.76	-18.03	-260.294	5.427
11	14	24	19	12023.43	0	2.15	11.5	539.227	5.427
11	14	19	22	11101.81	0	2.84	30.38	-392.28	5.427
11	14	22	20	14460.02	0	5.39	-131.06	268.087	5.427
11	14	20	23	14816.12	0	5.97	74.03	-355.48	5.427
12	14	16	18	13006.59	0	-21.2	-13.06	-688.716	1.996
12	14	18	20	6548.52	0	60.23	-99.5	-86.688	1.996
12	14	20	22	16030.4	0	-168.95	133.59	-84.883	1.996
12	14	22	24	5607.53	0	561.25	-43.25	-14.846	1.996
12	14	24	17	7429.11	0	-29.18	-6.53	275.367	1.996
12	14	17	19	5974.57	0	-13.29	19.55	-144.622	1.996
12	14	19	21	8612.68	0	-15.2	6.53	-69.494	1.996
12	14	21	23	15195.09	0	-216.35	-32.92	-55.73	1.996
12	15	19	22	10551.75	0	-79.53	32.23	-147.834	1.369
12	15	22	20	14040.4	0	-107.97	-135.97	98.356	1.369
12	15	20	23	13858.16	0	-53.58	74.76	-123.555	1.369
12	15	23	21	14508.12	0	-80.7	35.02	67.869	1.369
12	15	21	24	13714.96	0	-47.03	-18.8	-83.028	1.369
13	15	17	19	6857.13	0	-20.33	20.14	-247.65	1.362
13	15	19	21	9385.26	0	-14.92	5.88	-84.739	1.362
13	15	21	23	14239.97	0	-57.55	-34.14	-51.429	1.362
13	15	23	18	9491.25	0	-60.58	23.65	222.809	1.362
13	15	18	20	7714.44	0	-75.79	-97.87	-127.366	1.362
13	15	20	22	14196.71	0	-33.17	134.33	-78.129	1.362
13	15	22	24	11776.66	0	-33.49	-44.3	-29.46	1.362
13	16	20	23	12796.96	0	12.21	75.12	-81.395	0.622
13	16	23	21	12295.15	0	87.53	35.09	39.101	0.622
13	16	21	24	13428.5	0	-45.85	-20.15	-54.353	0.622
14	16	18	20	7572.6	0	-237.7	-99.53	-141.359	0.704
14	16	20	22	10258.33	0	112.48	133.44	-47.873	0.704
14	16	22	24	22390.43	0	-276.62	-43.29	-41.797	0.704
14	16	24	19	10664.85	0	-61.66	14.87	129.404	0.704
14	16	19	21	9390.44	0	-75.37	6.85	-80.134	0.704
14	16	21	23	11788.7	0	34.52	-34.71	-33.533	0.704
14	17	21	24	21266.46	0	-1.5	-20.57	-460.777	2.118
15	17	19	21	18515.37	0	7.54	5.7	-701.322	1.428
15	17	21	23	24723.82	0	5.18	-35.66	-234.121	1.428
15	17	23	20	26217.94	0	5.23	-75.14	546.193	1.428
15	17	20	22	27997.75	0	12.02	135.79	-484.797	1.428
15	17	22	24	17001.87	0	-41.91	-46.03	-98.132	1.428
16	18	20	22	25713.31	0	-52.24	139.64	-426.225	0.625
16	18	22	24	10438.69	0	628.97	-49.28	-43.258	0.625
16	18	24	21	20800.27	0	4.08	21.84	189.633	0.625
16	18	21	23	23348.09	0	2.67	-33.07	-176.923	0.625
17	19	21	23	19931.53	0	4.78	-33.89	-1395.568	2.64
17	19	23	22	10186.34	0	1.77	60.49	213.968	2.64
17	19	22	24	9867.87	0	27.37	-48.88	-315.854	2.64
18	20	22	24	7523.87	0	40.91	-48.53	-474.128	2.376
24	22	20	18	7262.77	0	117.06	67.36	-287.875	1.494
24	22	18	16	13342.16	0	-239.69	37.41	-132.211	1.494
24	22	16	14	15549.63	0	-142.44	-38.93	-61.634	1.494
24	22	14	12	5842.5	0	523.01	7.28	-11.579	1.494
24	22	12	10	31937.77	0	-171.91	29.61	-36.169	1.494
24	22	10	19	12317.48	0	-22.44	-0.03	355.709	1.494
24	22	19	17	10281.59	0	-21.36	-35.74	-186.3	1.494
24	22	17	15	16285.87	0	-22.56	57.36	-98.365	1.494
24	22	15	13	8535.97	0	66.87	0.49	-23.435	1.494
24	22	13	11	28727.84	0	-59.12	-8.11	-42.468	1.494
24	21	17	14	21269.1	0	-3.53	2.44	-1062.025	4.88
24	21	14	11	15266.34	0	22.73	49.54	-234.551	4.88
24	21	11	8	9502.07	0	32.64	-130.98	-63.87	4.88
24	21	8	16	13734.66	0	-2.54	119.97	646.244	4.88
24	21	16	13	13717.91	0	-48.86	21.15	-435.892	4.88
24	21	13	10	14877.99	0	113.93	-21.67	-168.841	4.88
24	21	10	7	14676.31	0	-9.16	-28.92	-78.377	4.88
24	21	7	15	14507.23	0	4.96	48.11	483.976	4.88
24	21	15	12	13948.78	0	-71.64	-48.88	-300.957	4.88
24	21	12	9	13958.94	0	205.53	-97.63	-120.471	4.88
24	21	9	6	21648.11	0	-25.01	66.5	-92.769	4.847
24	20	13	9	13344.18	0	68.66	-147.23	-288.963	4.911
24	20	9	5	19899.21	0	-0.68	59.68	-158.756	4.911
24	20	5	1	15619.86	0	25.31	265.89	-59.599	4.911
24	20	1	12	15846.01	0	69.84	-230.29	402.684	4.911
24	20	12	8	13728.76	0	122.04	-86.15	-223.549	4.911
24	20	8	4	22833.37	0	4.01	39.67	-148.721	4.911
24	20	4	11	14486.4	0	12.93	91.93	245.563	4.911
24	20	11	7	12227.04	0	9.87	-41.09	-153.752	4.911
24	20	7	3	19318.45	0	-2.6	-6.88	-104.11	4.911
24	20	10	6	16231.67	0	-15.21	-60.62	-160.526	4.893
24	20	6	2	16388.98	0	54.58	-6.25	-73.673	4.893
23	21	19	17	19880.46	0	9.42	-82.88	-1654.764	3.138
23	21	17	15	24520.21	0	6.8	55.04	-510.239	3.138
23	21	15	13	15694.67	0	-91.22	1.63	-130.636	3.138
23	21	13	11	15495	0	185.77	-7.68	-64.487	3.138
23	21	11	9	7351.35	0	111.78	-138	-17.483	3.138
23	21	9	18	18684.33	0	6.18	99.42	1133.076	3.138
23	21	18	16	21433.43	0	7.56	28.97	-815.555	3.138
23	21	16	14	14534.83	0	-14.49	-39.17	-184.353	3.138
23	21	14	12	14649.36	0	-206.07	6.42	-84.457	3.138
23	21	12	10	12535.63	0	533.01	29.46	-38.915	3.138
23	20	16	13	14032.96	0	-62.53	22.32	-458.199	3.191
23	20	13	10	13465.01	0	188.22	-24.48	-135.278	3.191
23	20	10	7	15483.34	0	-39.31	-24.57	-68.056	3.191
23	20	7	15	14352.82	0	-5.32	44.83	441.606	3.191
23	20	15	12	14296.76	0	-68.54	-48.46	-297.062	3.191
23	20	12	9	12339.78	0	228.74	-94.04	-91.571	3.191
23	20	9	6	21803.79	0	-13.43	63.25	-76.142	3.191
23	20	6	14	14422.89	0	4.88	24.56	314.638	3.191
23	20	14	11	14735.96	0	0.7	50.45	-207.906	3.191
23	20	11	8	9378.6	0	51.66	-129.84	-52.928	3.191
23	20	8	5	24481.52	0	-171.59	53.15	-69.018	3.188
23	19	12	8	10752.67	0	141.98	-86.64	-149.667	3.157
23	19	8	4	20225.14	0	4.3	39.47	-103.716	3.157
23	19	4	11	12328.47	0	14.22	90.96	171.142	3.157
23	19	11	7	10315.32	0	-6.99	-40.18	-107.965	3.157
23	19	7	3	17038.9	0	8.24	-7.94	-71.335	3.157
23	19	3	10	14627.78	0	-14.54	34.08	159.383	3.157
23	19	10	6	14419.5	0	-10.56	-59.78	-116.549	3.157
23	19	6	2	14342.89	0	25.47	-6.5	-49.684	3.157
23	19	2	9	16838.01	0	-1.3	-54.58	146.912	3.157
23	19	9	5	17540.73	0	-23.54	55.39	-111.902	3.157
23	19	5	1	14358.46	0	15.28	262.35	-41.542	3.149
22	20	18	16	24023.14	0	2.16	22.43	-938	1.472
22	20	16	14	13529.56	0	221.43	-39.42	-132.068	1.472
22	20	14	12	16225.65	0	-201.73	7.57	-63.354	1.472
22	20	12	10	5930.99	0	999.99	28.06	-11.579	1.472
22	20	10	8	11355.23	0	-5.26	-115.36	-12.668	1.472
22	20	8	17	22588.07	0	9.75	79.65	642.575	1.472
22	20	17	15	27953.26	0	9.72	57	-498.95	1.472
22	20	15	13	16715.53	0	-76.77	2.92	-99.454	1.472
22	20	13	11	10074.15	0	282.78	-7.53	-27.245	1.472
22	20	11	9	6533.13	0	173.2	-135.6	-9.514	1.472
22	19	15	12	11655.19	0	-151.33	-45.18	-174.364	1.462
22	19	12	9	6265.03	0	970.13	-93.65	-28.839	1.462
22	19	9	6	18177.88	0	-111.54	59.51	-36.608	1.462
22	19	6	14	10885.23	0	-18.78	24.88	153.45	1.462
22	19	14	11	10837.75	0	-3.17	51.79	-103.177	1.462
22	19	11	8	7114.55	0	60.11	-130.84	-24.19	1.462
22	19	8	5	19934.44	0	-175.61	49	-31.895	1.462
22	19	5	13	10254.1	0	28.13	89.45	102.491	1.462
22	19	13	10	8176.85	0	158.57	-22.15	-52.857	1.462
22	19	10	7	13143.89	0	-202.08	-24.93	-33.986	1.462
22	19	7	4	19264.9	0	12.73	-49.62	-24.754	1.453
22	18	11	7	9297.2	0	-110.85	-39.25	-37.36	0.911
22	18	7	3	15568.27	0	197.59	-11.07	-23.048	0.911
22	18	3	10	13376.35	0	-10.82	34.4	53.607	0.911
22	18	10	6	13061.17	0	2.26	-59.9	-39.466	0.911
22	18	6	2	13705.84	0	-0.54	-7.88	-16.566	0.911
22	18	2	9	15717.22	0	-0.74	-51.04	49.44	0.911
22	18	9	5	16149.64	0	-17.17	53.27	-37.684	0.911
22	18	5	1	13523.55	0	71.76	254.38	-13.524	0.911
22	18	1	8	16503.33	0	6.52	-302.19	41.57	0.911
22	18	8	4	18904.46	0	-1.21	38.8	-34.817	0.911
21	19	17	15	18319.96	0	10.42	54.64	-2575.402	5.3
21	19	15	13	9749.78	0	-1.63	1.38	-342.653	5.3
21	19	13	11	11821.31	0	-10.9	-4.13	-166.183	5.3
21	19	11	9	5047.99	0	20.58	-135.19	-35.482	5.3
21	19	9	7	13757.3	0	0.95	93.17	-55.257	5.3
21	19	7	16	9526.29	0	-12.33	23.59	975.7	5.3
21	19	16	14	9505.33	0	-17.26	-33.93	-610.857	5.3
21	19	14	12	8769.14	0	-21.58	7.45	-187.848	5.3
21	19	12	10	10871.64	0	22.11	29.77	-105.858	5.3
21	19	10	8	7651.8	0	6.9	-114.94	-40.119	5.3
21	18	14	11	9733.13	0	-68.3	55.18	-165.253	1.659
21	18	11	8	6359.87	0	11.16	-131.84	-33.225	1.659
21	18	8	5	15816.38	0	169.71	47.39	-36.149	1.659
21	18	5	13	11441.84	0	-49.79	86.5	183.057	1.659
21	18	13	10	11557.5	0	-124.46	-18.37	-124.872	1.659
21	18	10	7	10257.42	0	183.35	-24.73	-39.581	1.659
21	18	7	4	15481.66	0	-176.86	-50.64	-28.113	1.659
21	18	4	12	12452.75	0	-21.88	44.61	141.259	1.659
21	18	12	9	11250.52	0	-63.32	-86.38	-82.538	1.659
21	18	9	6	14784.44	0	112.37	57.4	-43.385	1.659
21	18	6	3	9589.66	0	910.16	28.88	-14.01	1.652
21	17	10	6	10516.89	0	17.8	-59.68	-181.24	3.908
21	17	6	2	11594.8	0	-20.25	-9.26	-73.616	3.908
21	17	2	9	12994.9	0	7.5	-48.22	223.345	3.908
21	17	9	5	13316.82	0	17.64	49.98	-172.567	3.908
21	17	5	1	11318.25	0	-37.28	254.85	-58.667	3.908
21	17	1	8	13728.95	0	2.84	-302.11	185.206	3.908
21	17	8	4	15572.56	0	6.41	38.69	-155.838	3.908
21	17	4	7	14138.15	0	-7.45	51	92.09	3.908
21	17	7	3	13126.55	0	-1.08	-9.34	-103.681	3.908
20	18	16	14	7689.71	0	-124.78	-32.23	-336.809	1.651
20	18	14	12	6497.8	0	-127.23	6.31	-71.151	1.651
20	18	12	10	12540.2	0	-105.75	31.08	-54.926	1.651
20	18	10	8	6713.7	0	20.2	-114.73	-14.703	1.651
20	18	8	6	15161.1	0	240.42	53.94	-18.973	1.651
20	18	6	15	8691.27	0	-64.26	77.76	277.351	1.651
20	18	15	13	7496.76	0	-49.64	2.75	-150.106	1.651
20	18	13	11	12930.63	0	-177.57	-0.49	-86.303	1.651
20	18	11	9	4381.72	0	17.87	-134.59	-13.293	1.651
20	18	9	7	11753.23	0	360.56	90.98	-19.2	1.651
20	17	13	10	7949.29	0	-56.27	-18.34	-325.807	4.006
20	17	10	7	8842.57	0	16.99	-26.2	-111.514	4.006
20	17	7	4	13218.22	0	-8.67	-50.48	-72.929	4.006
20	17	4	12	9413.55	0	-14.64	45.71	363.562	4.006
20	17	12	9	7846.92	0	-32.01	-85.01	-204.662	4.006
20	17	9	6	12775.14	0	14.45	55.26	-119	4.006
20	17	6	3	11153	0	15.99	26.16	-48.889	4.006
20	17	3	11	8119.77	0	12.06	54.01	222.347	4.006
20	17	11	8	5152.32	0	5.84	-132.07	-91.247	4.006
20	17	8	5	14012.67	0	29.13	45.82	-99.265	4.006
20	17	5	2	10939.24	0	-24.99	1.43	-38.677	3.999
20	16	9	5	18419.14	0	134.82	49.51	-132.793	1.635
20	16	5	1	17084.82	0	-299.99	255.88	-45.379	1.635
20	16	1	8	19476.27	0	-10.26	-303.44	140.039	1.635
20	16	8	4	21887.38	0	14.87	37.8	-118.656	1.635
20	16	4	7	20131.49	0	-68.76	49.93	69.959	1.635
20	16	7	3	18641.67	0	3.95	-8.97	-78.043	1.635
20	16	3	6	16942.15	0	51.21	-24.96	46.167	1.635
20	16	6	2	16232.64	0	-23.74	-7.28	-53.638	1.635
19	17	15	13	6930.59	0	11.46	6.27	-729.686	3.969
19	17	13	11	9255.28	0	-82.68	0.6	-243.61	3.969
19	17	11	9	4089.66	0	1.12	-135.28	-43.058	3.969
19	17	9	7	12652.87	0	27.13	88.33	-66.608	3.969
19	17	7	5	12242.9	0	39.38	-40.98	-36.828	3.969
19	17	5	14	7356.55	0	-15.3	28.12	564.303	3.969
19	17	14	12	6124.39	0	-17.29	9.43	-294.768	3.969
19	17	12	10	9101.28	0	-46.35	31.37	-146.015	3.969
19	17	10	8	6666.79	0	6.42	-113.22	-48.617	3.969
19	17	8	6	15967.54	0	26.05	52.24	-62.7	3.969
19	16	12	9	13982.23	0	-90.4	-82.68	-232.494	1.625
19	16	9	6	20910.62	0	50.16	53.09	-106.984	1.625
19	16	6	3	18660.02	0	60.66	26.52	-41.768	1.625
19	16	3	11	12972.63	0	39.34	57.29	203.262	1.625
19	16	11	8	8464.22	0	5.7	-134.87	-89.563	1.625
19	16	8	5	23108.8	0	85.38	44.45	-87.329	1.625
19	16	5	2	18837.51	0	-132.26	0.6	-33.5	1.625
19	16	2	10	16225.51	0	19.85	68.8	180.255	1.625
19	16	10	7	14350.65	0	80.6	-25.7	-103.108	1.625
19	16	7	4	22045.92	0	-91.4	-49.8	-63.359	1.625
19	16	4	1	11719.75	0	23.45	269.25	-17.018	1.642
19	15	8	4	22779.29	0	12.68	38.28	-267.906	2.667
19	15	4	7	20688.5	0	-21.2	47.82	153.023	2.667
19	15	7	3	19449.21	0	-7.72	-7.25	-172.002	2.667
19	15	3	6	18028.6	0	14.8	-26.83	102.204	2.667
19	15	6	2	17272.89	0	-8.25	-6.53	-117.965	2.667
19	15	2	5	18110.98	0	-54.9	1.03	80.508	2.667
19	15	5	1	17070.68	0	-70.96	260.41	-92.018	2.667
18	16	14	12	12480.87	0	-0.94	9.4	-309.248	0.934
18	16	12	10	15692.95	0	-61.7	27.38	-97.209	0.934
18	16	10	8	11708.51	0	1.32	-112.83	-29.011	0.934
18	16	8	6	28293.29	0	3.23	50.93	-35.052	0.934
18	16	6	4	22792.58	0	-0.52	-13.76	-16.136	0.934
18	16	4	13	14952.49	0	-66.23	96.16	269.927	0.934
18	16	13	11	15458.29	0	-101.2	6.51	-175.095	0.934
18	16	11	9	7050.06	0	-11.55	-139.88	-26.619	0.934
18	16	9	7	22535.8	0	-34.98	87.21	-38.676	0.934
18	16	7	5	22636.93	0	88.4	-41.58	-20.919	0.934
18	15	11	8	7729.51	0	-10.6	-137.83	-94.86	1.199
18	15	8	5	23761.54	0	-14.96	43.29	-89.727	1.199
18	15	5	2	18914.03	0	30.8	-0.52	-31.247	1.199
18	15	2	10	15906.12	0	-5.74	69.7	183.945	1.199
18	15	10	7	14036.97	0	-26.25	-26.94	-109.625	1.199
18	15	7	4	22113.24	0	35.95	-48.38	-61.678	1.199
18	15	4	1	13077.99	0	90.88	266.6	-17.166	1.199
18	15	1	9	19778.81	0	5.62	-304.29	162.175	1.199
18	15	9	6	20950.89	0	-31.04	51.97	-111.101	1.199
18	15	6	3	19602.52	0	-2.44	27.08	-41.58	1.199
18	14	7	3	20164.01	0	-131.12	-6.59	-114.571	1.289
18	14	3	6	18996.59	0	-257.13	-28.52	67.883	1.289
18	14	6	2	18343.94	0	15.57	-7.42	-78.376	1.289
18	14	2	5	18993.31	0	18.59	2.41	52.019	1.289
18	14	5	1	18536.49	0	42.78	258.83	-61.161	1.289
17	15	13	11	13657.29	0	-35.92	6.07	-816.466	2.254
17	15	11	9	6475.4	0	-1.74	-139.95	-96.779	2.254
17	15	9	7	22503.98	0	41.45	86.78	-134.534	2.254
17	15	7	5	23203.84	0	-3.61	-41.21	-69.359	2.254
17	15	5	3	23155.37	0	-27.5	32.79	-39.551	2.254
17	15	3	12	15397.13	0	-21.59	6.36	670.634	2.254
17	15	12	10	14046.98	0	-49	30.61	-383.892	2.254
17	15	10	8	11304.27	0	4.44	-112.81	-102.979	2.254
17	15	8	6	29017.19	0	18.59	50.62	-120.154	2.254
17	15	6	4	24368.03	0	-15.86	-13.27	-54.332	2.254
17	14	10	7	13630.43	0	16.82	-23.72	-368.352	2.641
17	14	7	4	23391.45	0	-13.77	-51.92	-194.504	2.641
17	14	4	1	14830.45	0	-14.03	265.2	-53.951	2.641
17	14	1	9	20585.21	0	4.54	-302.89	524.206	2.641
17	14	9	6	21108.56	0	12.8	51.27	-363.009	2.641
17	14	6	3	20840.39	0	-0.59	25.68	-127.999	2.641
17	14	3	8	24176.51	0	9.66	-75.45	366.64	2.641
17	14	8	5	24571.93	0	26.54	44.99	-286.93	2.641
17	14	5	2	21246.62	0	-50.01	-1.6	-99.24	2.641
17	13	6	2	18056.98	0	18.82	-5.59	-124.455	1.563
17	13	2	5	19449.96	0	-4.87	0.72	84.309	1.563
17	13	5	1	18828.4	0	-57.95	258.12	-97.583	1.563
16	14	12	10	10001.92	0	25.34	26.85	-356.892	1.345
16	14	10	8	8798.68	0	7.93	-113.61	-78.489	1.345
16	14	8	6	23619.8	0	-25.26	49.79	-84.281	1.345
16	14	6	4	20321.46	0	43.77	-12.12	-36.256	1.345
16	14	4	2	12734.76	0	-40.06	5.62	-12.983	1.345
16	14	2	11	9750.14	0	-3.05	95.84	253.476	1.345
16	14	11	9	4585.3	0	0.57	-137.98	-74.795	1.345
16	14	9	7	18343.76	0	-38.48	85.99	-99.741	1.345
16	14	7	5	18882.87	0	3.61	-40.91	-46.669	1.345
16	14	5	3	20714.63	0	-8.61	31.64	-27.567	1.345
16	13	9	6	17120.56	0	-6.55	51.74	-173.132	0.988
16	13	6	3	17606.11	0	29.21	25.08	-54.782	0.988
16	13	3	8	20254.88	0	2.51	-76.86	165.438	0.988
16	13	8	5	20331.3	0	6.31	44.94	-130.837	0.988
16	13	5	2	18418.45	0	-3.45	-0.66	-42.331	0.988
16	13	2	7	17752.64	0	0.27	42.02	100.743	0.988
16	13	7	4	19222.41	0	0.13	-46.57	-83.994	0.988
16	13	4	1	13163.85	0	-15.18	265.15	-23.008	0.988
16	12	5	1	18107.21	0	12.62	258.97	-92.31	1.156
15	13	11	9	3580.26	0	-6.52	-135.4	-124.312	1.309
15	13	9	7	15964.17	0	24.69	83.65	-138.575	1.309
15	13	7	5	17296.9	0	11.45	-40.54	-60.057	1.309
15	13	5	3	20190.47	0	6.05	33.62	-35.052	1.309
15	13	3	1	12971.63	0	-248.08	225.44	-12.868	1.309
15	13	1	10	11813.46	0	4.11	-188.67	298.846	1.309
15	13	10	8	7431.19	0	4.61	-113.54	-117.953	1.309
15	13	8	6	21391.29	0	21.39	49.74	-113.179	1.309
15	13	6	4	18774.07	0	-23.35	-12.03	-45.151	1.309
15	13	4	2	13055.99	0	39	5.5	-16.907	1.309
15	12	8	5	20540.48	0	6.7	47.27	-332.941	1.584
15	12	5	2	19669.1	0	5.08	-2.95	-98.098	1.584
15	12	2	7	18115.21	0	-0.41	41.14	237.163	1.584
15	12	7	4	19302.94	0	-2.21	-45.66	-199.107	1.584
15	12	4	1	13731.53	0	-0.2	264.28	-50.585	1.584
15	12	1	6	16936.26	0	2.17	-252.3	154.052	1.584
15	12	6	3	18154.45	0	-5.06	28.49	-127.152	1.584
14	12	10	8	7848.5	0	5.38	-113.74	-363.912	1.748
14	12	8	6	21846.71	0	7.41	50.17	-253.242	1.748
14	12	6	4	18727.18	0	5.96	-11.64	-86.833	1.748
14	12	4	2	13376.3	0	11.42	5.33	-31.011	1.748
14	12	2	9	17089.98	0	6.82	-41.56	554.688	1.748
14	12	9	7	16630.17	0	14.99	82.83	-352.499	1.748
14	12	7	5	17331.12	0	-23.22	-38.11	-122.452	1.748
14	12	5	3	20939.39	0	42.14	32.78	-67.248	1.748
14	12	3	1	13684.12	0	-68.01	225.5	-23.664	1.748
14	11	7	4	30438.75	0	7.93	-15.01	-1197.826	3.846
14	11	4	1	21617.86	0	41.66	268.72	-261.756	3.846
14	11	1	6	25758.06	0	18.44	-271.94	818.702	3.846
14	11	6	3	26789.33	0	6.81	42.5	-670.863	3.846
14	11	3	5	31577.7	0	27.06	-40.81	414.913	3.846
14	11	5	2	29754.79	0	33.87	8.23	-505.949	3.846
13	11	9	7	54496.78	0	-7.21	103.28	-2786.982	1.928
13	11	7	5	33888.66	0	85.65	-70.69	-433.269	1.928
13	11	5	3	35696.25	0	20.23	30.1	-182.552	1.928
13	11	3	1	23997.82	0	160.74	226.53	-61.363	1.928
13	11	1	8	43462.32	0	7.77	-298.32	1555.873	1.928
13	11	8	6	51046.15	0	3.48	46.63	-1193.379	1.928
13	11	6	4	32232.34	0	17.18	-11.86	-251.18	1.928
13	11	4	2	28449.17	0	38.39	-10.46	-100.772	1.928
13	10	6	3	20022.27	0	-69.93	39.22	-394.367	1.925
13	10	3	5	24116.46	0	-100.89	-43.23	237.504	1.925
13	10	5	2	22864.44	0	40.67	-2.58	-286.585	1.925
13	10	2	4	16970.23	0	15.06	-3.67	111.605	1.925
13	10	4	1	17699.61	0	26.43	261.72	-150.638	1.925
12	10	8	6	34878.73	0	-1.38	56.3	-2484.811	2.686
12	10	6	4	22073.42	0	73.48	-26.4	-393.135	2.686
12	10	4	2	17620.78	0	23.76	4.16	-125.533	2.686
12	10	2	7	21527.04	0	17.35	44.83	996.851	2.686
12	10	7	5	20508.93	0	7.18	-42.62	-667.925	2.686
12	10	5	3	25524.78	0	14	33.02	-277.093	2.686
12	10	3	1	20181.22	0	118.57	220.2	-99.584	2.686
12	9	5	2	17126.91	0	2.67	5.19	-460.749	2.629
12	9	2	4	13083.4	0	-53.88	-9.32	175.985	2.629
12	9	4	1	13583.78	0	21.23	262.05	-232.547	2.629
11	9	7	5	8752.55	0	7.61	-35.3	-4493.573	19.355
11	9	5	3	11492.57	0	7.12	30.04	-1475.075	19.355
11	9	3	1	9205.37	0	24.6	224.78	-472.605	19.355
11	9	1	6	8784.85	0	10.27	-252.99	2931.599	19.355
11	9	6	4	8866.17	0	8.44	-11.15	-2080.87	19.355
11	9	4	2	8362.76	0	7.67	4.27	-654.24	19.355
11	8	4	1	9069.72	0	16.58	263.64	-1188.629	12.809
10	8	6	4	7340.73	0	10.08	-13.67	-2518.789	12.936
10	8	4	2	8623.62	0	-7.89	3.53	-739.745	12.936
10	8	2	5	10535.12	0	1.24	2.58	1988.175	12.936
10	8	5	3	10702.58	0	7.49	32.9	-1678.778	12.936
10	8	3	1	10291.42	0	17.56	220.51	-538.094	12.936
9	7	5	3	16272.02	0	20.5	36.61	-937.14	2.171
9	7	3	1	15659.36	0	-13.04	216.69	-225.464	2.171
9	7	1	4	13021.41	0	36.48	-258.52	412.462	2.171
9	7	4	2	12226.21	0	7.81	5.5	-321.889	2.171
8	6	4	2	12512.54	0	16.75	5.73	-818.243	2.465
8	6	2	3	14889.98	0	21.11	34.08	292.114	2.465
8	6	3	1	16142.91	0	31.48	218.18	-482.581	2.465
7	5	3	1	12629.76	0	19.45	218.63	-387.634	1.157
