Spa.1	Spa.2	Spa.3	Spa.4	Rho 	Dev.	 M  	Sp  	Vp  	In  
1	3	5	7	10489.14	0	-6.98	75.89	-733.668	2.637
1	3	7	9	12665.82	0	24.9	-163.29	-221.479	2.637
1	3	9	11	8828.13	0	3.48	-81.13	-61.749	2.637
1	3	11	13	10875.01	0	7.42	494.28	-38.033	2.637
1	3	13	15	22128.54	0	18.37	-324.98	-44.223	2.637
1	3	15	6	12582.34	0	-11.65	-112.35	641.2	2.637
1	3	6	8	13644.28	0	-19.12	-6.88	-436.277	2.637
1	3	8	10	8443.97	0	-6.11	-15.21	-89.999	2.637
1	3	10	12	14842.77	0	18.98	-24.84	-71.909	2.637
1	3	12	14	11336.42	0	-10.82	189.9	-29.573	2.637
1	4	8	11	9395.01	0	-6.51	-46.04	-109.844	1.143
1	4	11	14	17658.43	0	-4.23	197.86	-63.525	1.143
1	4	14	17	15390.98	0	6.03	-113.84	-24.224	1.143
1	4	17	9	13095.74	0	4.24	10.75	144.278	1.143
1	4	9	12	12245.73	0	40.82	-84.66	-91.111	1.143
1	4	12	15	14690.59	0	-67.11	162.54	-39.036	1.143
1	4	15	18	11917.07	0	95.07	-128.13	-14.902	1.143
1	4	18	10	14995.02	0	23.84	-8.6	117.133	1.143
1	4	10	13	16343.35	0	61.45	454.26	-82.566	1.143
1	4	13	16	12663.34	0	-124.77	-297.88	-25.59	1.143
1	4	16	19	6504.66	0	999.99	-158.89	-6.418	1.116
1	5	12	16	19509	0	39.14	188.29	-187.141	2.175
1	5	16	20	17123.28	0	-120.93	-145.34	-60.515	2.175
1	5	20	24	15434.05	0	7.71	285.27	-26.087	2.175
1	5	24	13	16841.84	0	-7.94	120.81	189.591	2.175
1	5	13	17	19151.37	0	-4.57	-372.41	-138.142	2.175
1	5	17	21	11552.66	0	-32.56	83.29	-33.333	2.175
1	5	21	14	18242.07	0	2.87	32.21	136.981	2.175
1	5	14	18	19927.2	0	6.32	-156.1	-111.001	2.175
1	5	18	22	14544.74	0	-10.08	122.9	-34.723	2.175
1	5	15	19	16309.8	0	56.49	-148.95	-71.31	2.163
1	5	19	23	16530.45	0	-121.8	168.93	-32.852	2.163
2	4	6	8	11913.69	0	-95.92	-24.04	-328.816	1.04
2	4	8	10	8155.54	0	-41.98	-4.44	-56.273	1.04
2	4	10	12	15341.13	0	79.39	-22.39	-42.341	1.04
2	4	12	14	14122.82	0	-154.58	192.66	-19.489	1.04
2	4	14	16	12502.56	0	61.21	-2.75	-9.859	1.04
2	4	16	7	11614.88	0	-15.46	44.74	233.557	1.04
2	4	7	9	11308.83	0	-30.57	-145.84	-142.684	1.04
2	4	9	11	9197.43	0	6.32	-98.82	-38.681	1.04
2	4	11	13	18613	0	81.98	428.67	-35.582	1.04
2	4	13	15	12917.19	0	-187.49	-241.31	-13.296	1.04
2	5	9	12	16733.12	0	11.87	-87.64	-325.607	1.902
2	5	12	15	21444.99	0	-11.02	177.1	-128.398	1.902
2	5	15	18	18582.74	0	7.43	-145.43	-48.677	1.902
2	5	18	10	21889.27	0	5.65	-9.54	401.366	1.902
2	5	10	13	23475.94	0	13.06	384.53	-290.7	1.902
2	5	13	16	18431.23	0	-19.55	-215.33	-81.511	1.902
2	5	16	19	17487.69	0	24.58	-169.08	-36.395	1.902
2	5	19	11	23524.78	0	7.18	-32.06	305.841	1.902
2	5	11	14	25452.47	0	4.53	204.21	-214.008	1.902
2	5	14	17	23720.75	0	6.35	-121.33	-79.779	1.902
2	5	17	20	10776.21	0	19.89	-29.57	-17.992	1.888
2	6	13	17	18626.18	0	1.36	-323.97	-103.713	1.263
2	6	17	21	12325.19	0	-105.83	84.85	-25.284	1.263
2	6	21	14	18516.89	0	-3.89	37.35	102.829	1.263
2	6	14	18	20104.49	0	9.67	-162.76	-84.177	1.263
2	6	18	22	15059.18	0	-36.17	124.18	-25.221	1.263
2	6	22	15	16885.83	0	-11.96	32.39	73.601	1.263
2	6	15	19	17220.7	0	13.13	-165.04	-55.681	1.263
2	6	19	23	16004.07	0	-66.15	173.44	-22.177	1.263
2	6	23	16	16851.32	0	-16.41	-2.09	58.816	1.263
2	6	16	20	16225.45	0	-14.39	-152.82	-41.408	1.263
2	6	20	24	15287.98	0	29.25	302.63	-17.648	1.257
3	5	7	9	16973.78	0	7.19	-153.68	-754.64	1.676
3	5	9	11	14551.58	0	6.49	-88.55	-161.738	1.676
3	5	11	13	36798.45	0	22.85	407.96	-163.603	1.676
3	5	13	15	15110.71	0	-66.81	-208.13	-33.59	1.676
3	5	15	17	25879.08	0	-5.72	-125.13	-32.873	1.676
3	5	17	8	16815.13	0	6.17	-51.85	544.67	1.676
3	5	8	10	11480.26	0	6.02	3.41	-233.327	1.676
3	5	10	12	26332.16	0	8.17	-20.8	-178.393	1.676
3	5	12	14	23639.83	0	-2.67	188.14	-72.797	1.676
3	5	14	16	25370.03	0	18.17	9.17	-42.067	1.676
3	6	10	13	22296.05	0	32.59	379.53	-259.253	1.136
3	6	13	16	16914.26	0	-99.53	-200.55	-60.515	1.136
3	6	16	19	18937.06	0	9.95	-178.25	-29.642	1.136
3	6	19	11	23581.14	0	7.3	-21.38	258.377	1.136
3	6	11	14	24843.08	0	4.33	187.75	-183.826	1.136
3	6	14	17	24553.93	0	9.45	-116.53	-64.888	1.136
3	6	17	20	11014.8	0	-12.1	-28	-13.698	1.136
3	6	20	12	20060.3	0	-3.43	-41.89	155.843	1.136
3	6	12	15	21126.02	0	-3.57	197.05	-106.144	1.136
3	6	15	18	20104.73	0	-3.72	-166.78	-40.405	1.136
3	6	18	21	15063.64	0	-14.22	113.34	-15.213	1.142
3	7	14	18	22718.3	0	-2.76	-153.82	-223.326	2.229
3	7	18	22	17516.65	0	34.68	123.35	-63.439	2.229
3	7	22	15	19614.37	0	-0.3	47.42	192.299	2.229
3	7	15	19	19945.02	0	0.44	-181.14	-147.431	2.229
3	7	19	23	18940.34	0	2.09	172.59	-56.002	2.229
3	7	23	16	19881.56	0	-5.18	6.91	152.991	2.229
3	7	16	20	19433.26	0	-10.76	-157.18	-110.932	2.229
3	7	20	24	19805.12	0	2.22	312.72	-48.452	2.229
3	7	24	17	15598.47	0	-0.19	-284.46	96.117	2.229
3	7	17	21	13871.68	0	-1.06	71.81	-62.499	2.229
4	6	8	10	7781.71	0	6.48	7.94	-155.712	0.754
4	6	10	12	21873.17	0	1.99	-22.36	-109.421	0.754
4	6	12	14	20730.16	0	17.33	186.88	-41.481	0.754
4	6	14	16	25008.29	0	9.88	15.53	-25.021	0.754
4	6	16	18	22558.51	0	-66.3	-170.9	-12.897	0.754
4	6	18	9	16507.9	0	2.43	49.47	240.665	0.754
4	6	9	11	11171.57	0	5	-70.38	-102.192	0.754
4	6	11	13	29309.28	0	9.67	389.97	-89.368	0.754
4	6	13	15	19864.4	0	-20.83	-193.07	-27.532	0.754
4	6	15	17	25611.4	0	33.17	-134.6	-19.114	0.754
4	7	11	14	26709.78	0	-0.22	173.27	-299.306	1.095
4	7	14	17	26713.25	0	19.55	-115.61	-92.106	1.095
4	7	17	20	13682.83	0	-1.98	-26.83	-20.64	1.095
4	7	20	12	21391.03	0	9.06	-44.31	225.876	1.095
4	7	12	15	21747.3	0	9.15	206.78	-155.08	1.095
4	7	15	18	22563.7	0	-16.31	-175.83	-57.465	1.095
4	7	18	21	16403.03	0	79.81	112.97	-19.659	1.095
4	7	21	13	20042.52	0	21.13	253.32	150.055	1.095
4	7	13	16	19744.08	0	20.07	-194.04	-95.602	1.095
4	7	16	19	21912.17	0	13.45	-181.94	-42.44	1.095
4	7	19	22	20252.65	0	-0.41	139.04	-19.568	1.093
4	8	15	19	23337.3	0	-99.54	-181.27	-129.269	1.256
4	8	19	23	20466.85	0	345.6	170.37	-41.767	1.256
4	8	23	16	22583.54	0	13.04	7.51	124.759	1.256
4	8	16	20	21957.46	0	12.47	-154.25	-91.457	1.256
4	8	20	24	23154.21	0	5.12	325.06	-38.577	1.256
4	8	24	17	17807.02	0	6.11	-297.13	77.212	1.256
4	8	17	21	15787.3	0	8.57	72.1	-50.781	1.256
4	8	21	18	17969.45	0	60.08	-115.61	37.621	1.256
4	8	18	22	19770.59	0	45.7	129.44	-50.193	1.256
5	7	9	11	10280.85	0	4.65	-37.13	-479.915	1.76
5	7	11	13	26858.5	0	-1.37	346.41	-313.442	1.76
5	7	13	15	17582.01	0	36.72	-186.91	-82.074	1.76
5	7	15	17	23318.89	0	-0.42	-128.26	-54.427	1.76
5	7	17	19	10873.3	0	-72.57	-55.2	-14.502	1.76
5	7	19	10	20076	0	3.62	6.82	682.786	1.76
5	7	10	12	20526.34	0	7.44	-23.79	-438.025	1.76
5	7	12	14	18154.76	0	-4.94	190.57	-129.139	1.76
5	7	14	16	21779.46	0	10.01	10.2	-70.419	1.76
5	7	16	18	21957.17	0	-3.22	-172.25	-38.227	1.76
5	8	12	15	23058.63	0	-5.23	201.87	-533.09	2.26
5	8	15	18	22672.22	0	42.98	-169.88	-161.279	2.26
5	8	18	21	17833.11	0	7.29	114.58	-55.499	2.26
5	8	21	13	20672.25	0	9.31	236.94	450.347	2.26
5	8	13	16	20263.89	0	8.98	-178.09	-298.123	2.26
5	8	16	19	22828.09	0	1.61	-184.23	-119.945	2.26
5	8	19	22	20363.39	0	36.56	142.28	-50.351	2.26
5	8	22	14	23888.91	0	4.99	31.89	368.992	2.26
5	8	14	17	27755.21	0	1.39	-117.83	-277.265	2.26
5	8	17	20	14163.67	0	19.78	-26.25	-56.596	2.26
5	8	20	23	24635.26	0	-44.33	145.43	-48.991	2.249
5	9	16	20	18467.85	0	6.31	-148.49	-203.758	2.502
5	9	20	24	20289.64	0	23.77	333.62	-82.474	2.502
5	9	24	17	15066.05	0	7.07	-312.3	165.782	2.502
5	9	17	21	13324.41	0	7.46	66.64	-110.545	2.502
5	9	21	18	15504.33	0	14.15	-111.09	82.455	2.502
5	9	18	22	16923.04	0	16.27	132.67	-108.424	2.502
5	9	22	19	17688.31	0	39.93	-144.12	73.764	2.502
5	9	19	23	18862.62	0	21.49	174.07	-95.386	2.502
6	8	10	12	34724.15	0	2.24	-37.45	-1208.455	1.312
6	8	12	14	22912.58	0	48	193.39	-199.348	1.312
6	8	14	16	27784.35	0	-17.29	9.63	-96.694	1.312
6	8	16	18	26814.76	0	15.97	-175.12	-46.66	1.312
6	8	18	20	19744.14	0	41.87	20.61	-19.632	1.312
6	8	20	11	34025.01	0	6.19	26.88	862.719	1.312
6	8	11	13	40721.68	0	1.14	301.42	-647.853	1.312
6	8	13	15	21925.6	0	30.25	-179.2	-116.274	1.312
6	8	15	17	28999.58	0	-2.39	-124.14	-69.903	1.312
6	8	17	19	15807.76	0	-16.65	-58.66	-20.518	1.312
6	9	13	16	17308.46	0	-39.32	-173.05	-245.845	1.388
6	9	16	19	19441.79	0	161.16	-192.61	-84.968	1.388
6	9	19	22	18111.41	0	74.8	145.83	-34.63	1.388
6	9	22	14	21113.94	0	6.71	26.54	282.596	1.388
6	9	14	17	23977.64	0	1.95	-114.38	-216.728	1.388
6	9	17	20	13903.67	0	19.82	-23.62	-44.883	1.388
6	9	20	23	19562.33	0	16.91	144.52	-29.718	1.388
6	9	23	15	19414.34	0	15.51	1.2	184.238	1.388
6	9	15	18	20165.38	0	2.38	-166.34	-123.764	1.388
6	9	18	21	16073.34	0	58.71	107.15	-39.46	1.388
6	9	21	24	26827.85	0	-145.31	262.92	-32.632	1.376
6	10	17	21	10559.84	0	8.51	62.28	-63.832	1.371
6	10	21	18	12366.72	0	21.11	-106.35	47.013	1.371
6	10	18	22	13622.74	0	32.44	134.96	-61.921	1.371
6	10	22	19	14253.1	0	81.44	-148.66	41.53	1.371
6	10	19	23	14794.76	0	64.45	182.02	-51.932	1.371
6	10	23	20	15053.3	0	14.47	-144.59	34.393	1.371
6	10	20	24	15877.39	0	-1.37	342.83	-43.989	1.371
7	9	11	13	39100.07	0	6.74	262.72	-4367.342	4.211
7	9	13	15	16344.39	0	36.04	-159.07	-456.403	4.211
7	9	15	17	22418.47	0	10.69	-121.55	-250.407	4.211
7	9	17	19	11977.87	0	-22.97	-58.75	-66.894	4.211
7	9	19	21	15707.12	0	54.28	119.2	-50.127	4.211
7	9	21	12	18878.07	0	10.72	-136.08	1536.276	4.211
7	9	12	14	18012.72	0	14.08	186.07	-919.752	4.211
7	9	14	16	21566.6	0	-1.8	24.53	-367.072	4.211
7	9	16	18	21018.58	0	8.84	-178.43	-162.612	4.211
7	9	18	20	14356.18	0	44.2	21.75	-59.805	4.211
7	10	14	17	15555.79	0	-1.68	-105.29	-689.748	4.334
7	10	17	20	8682.07	0	46.6	-24.02	-118.451	4.334
7	10	20	23	15738.63	0	3.6	146	-93.942	4.334
7	10	23	15	13246.53	0	8.92	-1.23	553.469	4.334
7	10	15	18	13443.08	0	6.17	-165.51	-379.317	4.334
7	10	18	21	11532.78	0	20.46	103.49	-116.22	4.334
7	10	21	24	14696.39	0	-6.34	275.14	-69.694	4.334
7	10	24	16	13604.65	0	10.45	-198.08	403.032	4.334
7	10	16	19	13859.92	0	-2.82	-195.19	-265.547	4.334
7	10	19	22	13341.43	0	56.62	151.28	-102.245	4.334
7	11	18	22	10834.23	0	5.73	137.98	-198.974	4.165
7	11	22	19	11635.41	0	20.23	-152.88	134.39	4.165
7	11	19	23	11992.14	0	25.84	183.99	-165.61	4.165
7	11	23	20	13983.23	0	5.43	-145.54	123.786	4.165
7	11	20	24	13630.52	0	10.84	363.93	-145.364	4.165
8	10	12	14	8951.51	0	9.82	180.87	-2475.7	10.426
8	10	14	16	10515.26	0	5.61	33.14	-727.045	10.426
8	10	16	18	10893.91	0	6.41	-181.92	-301.291	10.426
8	10	18	20	7610.61	0	20.05	22.79	-105.242	10.426
8	10	20	22	11446.74	0	6.29	115.39	-90.451	10.426
8	10	22	13	8340.25	0	8.73	181.74	1680.555	10.426
8	10	13	15	7575.29	0	8.9	-151.14	-957.752	10.426
8	10	15	17	11201.82	0	8.96	-123.75	-472.085	10.426
8	10	17	19	6154.16	0	-17.77	-60.05	-117.891	10.426
8	10	19	21	8609.46	0	39.38	117.92	-88.806	10.426
8	11	15	18	9141.85	0	1.12	-164.91	-886.372	9.476
8	11	18	21	7965.88	0	27.49	99.47	-237.647	9.476
8	11	21	24	10659.01	0	3.36	299.71	-139.121	9.476
8	11	24	16	9549.32	0	6.77	-216.76	872.464	9.476
8	11	16	19	9569.74	0	5.22	-199.85	-590.456	9.476
8	11	19	22	9410.17	0	13.61	154.51	-207.361	9.476
8	11	22	17	7219.41	0	6.27	-94.31	392.804	9.476
8	11	17	20	6052.67	0	6.48	-20.8	-253.578	9.476
8	11	20	23	11095.03	0	3.98	144.56	-185.932	9.476
8	12	19	23	11762.84	0	-1.09	184.51	-202.297	3.9
8	12	23	20	13562.19	0	8.82	-143.91	146.688	3.9
8	12	20	24	11921.62	0	-18.28	384.31	-154.171	3.9
9	11	13	15	5248.82	0	7.06	-145.05	-2609.524	18.743
9	11	15	17	8781.93	0	6.76	-131.26	-1091.514	18.743
9	11	17	19	5012.48	0	2.97	-61.23	-249.203	18.743
9	11	19	21	7464.34	0	6.25	118.57	-185.55	18.743
9	11	21	23	9753.34	0	3.79	65.17	-138.543	18.743
9	11	23	14	8325.19	0	6.21	-18.89	3015.546	18.743
9	11	14	16	8295.1	0	7.06	39.55	-1885.27	18.743
9	11	16	18	8963.31	0	4.44	-186.22	-679.045	18.743
9	11	18	20	6239.68	0	5.65	23.55	-214.867	18.743
9	11	20	22	9662.18	0	5.54	115.94	-179.159	18.743
9	12	16	19	11435.2	0	23.43	-197.94	-566.639	4.843
9	12	19	22	11698.46	0	-64.55	152.36	-178.364	4.843
9	12	22	17	8484.89	0	2.08	-94.14	339.59	4.843
9	12	17	20	7157.66	0	1.93	-20.64	-225.704	4.843
9	12	20	23	13302.13	0	3.55	141.01	-149.807	4.843
9	12	23	18	10497.71	0	0.34	-164.34	291.91	4.843
9	12	18	21	9506.7	0	-1.21	100.79	-203.552	4.843
9	12	21	24	8480.88	0	-120.28	290.34	-72.635	4.843
9	13	20	24	12860.08	0	-2.65	365.14	-158.864	2.802
10	12	14	16	12187.09	0	14.05	53.66	-1670.894	5.169
10	12	16	18	13623.35	0	-13.5	-186.76	-466.952	5.169
10	12	18	20	9609.79	0	-4.19	26.29	-131.754	5.169
10	12	20	22	15013.61	0	2.15	116.79	-102.921	5.169
10	12	22	24	4960.52	0	-299.99	231.83	-19.432	5.169
10	12	24	15	11153.9	0	-4.45	-198.91	1114.16	5.169
10	12	15	17	12471.81	0	3.48	-129.47	-781.682	5.169
10	12	17	19	7477.31	0	21.8	-64.56	-156.216	5.169
10	12	19	21	11605.78	0	-25.83	121.59	-110.213	5.169
10	12	21	23	15400.12	0	4.03	64.48	-78.747	5.169
10	13	17	20	7836.89	0	0.29	-18.85	-228.77	2.853
10	13	20	23	15555.77	0	-15.38	139.49	-139.722	2.853
10	13	23	18	12032.1	0	-12.98	-164.89	283.689	2.853
10	13	18	21	10938.91	0	-17.58	100.91	-203.205	2.853
10	13	21	24	14238.46	0	-4.24	265.28	-94.464	2.853
10	13	24	19	12840.38	0	-38.01	-385.23	210.342	2.853
10	13	19	22	13029.53	0	-45.42	161.25	-164.349	2.853
11	13	15	17	13412.83	0	2.63	-130.9	-988.366	2.778
11	13	17	19	7945.5	0	18.66	-69.46	-146.372	2.778
11	13	19	21	13195.96	0	-79.15	123.53	-97.239	2.778
11	13	21	23	17736	0	-0.86	64.69	-65.347	2.778
11	13	23	16	14029.56	0	-11.22	21.01	723.669	2.778
11	13	16	18	14480.14	0	-9.18	-185.78	-487.778	2.778
11	13	18	20	10981.89	0	-20.95	26.68	-123.312	2.778
11	13	20	22	17133.55	0	-12.82	115.18	-87.449	2.778
11	13	22	24	12332	0	-24.15	211.8	-33.892	2.778
11	14	18	21	8788.11	0	1.67	101.05	-833.284	9.268
11	14	21	24	13082.93	0	0.65	240.57	-381.697	9.268
11	14	24	19	10996.31	0	-0.86	-362.67	842.152	9.268
11	14	19	22	10665.45	0	-0.81	162.82	-643.55	9.268
11	14	22	20	13192.3	0	1.52	-113.49	417.664	9.268
11	14	20	23	13195.98	0	2.45	138.09	-540.657	9.268
12	14	16	18	9079.62	0	4.5	-189.95	-941.925	3.911
12	14	18	20	7046.44	0	15.82	24.68	-182.75	3.911
12	14	20	22	11799.46	0	0.86	113.35	-122.408	3.911
12	14	22	24	17344.48	0	80.22	184.52	-89.966	3.911
12	14	24	17	7089.42	0	18.23	-277.54	514.822	3.911
12	14	17	19	4926.66	0	-0.15	-69.79	-233.643	3.911
12	14	19	21	8788.55	0	13.83	124	-138.93	3.911
12	14	21	23	12241.95	0	-8.47	62.95	-87.964	3.911
12	15	19	22	12284.71	0	-9.26	165.54	-318.158	2.531
12	15	22	20	14810.05	0	-0.45	-112.8	191.78	2.531
12	15	20	23	14548.36	0	0.18	135.48	-239.771	2.531
12	15	23	21	15345.54	0	1.79	-62.71	132.7	2.531
12	15	21	24	16587.91	0	30.59	212.69	-185.632	2.531
13	15	17	19	6887.23	0	-14.94	-65.52	-331.394	1.814
13	15	19	21	11095.61	0	57.94	119.57	-133.472	1.814
13	15	21	23	14828.85	0	6.81	62.69	-71.352	1.814
13	15	23	18	11353.93	0	8.77	-161.59	355.107	1.814
13	15	18	20	10169.49	0	9.66	29.06	-223.692	1.814
13	15	20	22	14494.31	0	6.37	111.38	-106.274	1.814
13	15	22	24	13946.85	0	32.66	153.92	-46.482	1.814
13	16	20	23	14318.18	0	0.03	132.99	-216.737	1.479
13	16	23	21	14771.6	0	-1.13	-61.15	111.8	1.479
13	16	21	24	14168.72	0	13.23	183.84	-136.484	1.479
14	16	18	20	12238.03	0	4.84	30.86	-760.971	2.344
14	16	20	22	16226.12	0	-4.9	111.66	-252.239	2.344
14	16	22	24	12207.99	0	-1.86	136.97	-75.91	2.344
14	16	24	19	13097.4	0	-15.01	-302	529.365	2.344
14	16	19	21	12262.38	0	-22.99	126.13	-348.565	2.344
14	16	21	23	16367.37	0	3.38	58.9	-155.084	2.344
14	17	21	24	21538.5	0	4.89	172.1	-903.734	4.101
15	17	19	21	23561.99	0	9.79	125.63	-1630.383	2.609
15	17	21	23	24631.8	0	6.35	51.97	-426.102	2.609
15	17	23	20	26308.23	0	6.24	-127.71	1001.226	2.609
15	17	20	22	27796.22	0	6.8	112.92	-879.256	2.609
15	17	22	24	17281.88	0	-1.42	118.6	-182.221	2.609
16	18	20	22	21054.86	0	6.75	113.74	-981.232	1.757
16	18	22	24	12076.01	0	-1.37	104.92	-140.696	1.757
16	18	24	21	17444.96	0	3.17	-139.72	447.149	1.757
16	18	21	23	19112.58	0	6.45	49.7	-407.184	1.757
17	19	21	23	16197.67	0	9.36	47.33	-654.881	1.524
17	19	23	22	10129.76	0	12.62	-13.5	122.866	1.524
17	19	22	24	9121.63	0	-0.24	103.23	-168.591	1.524
18	20	22	24	8492.56	0	4.72	98.96	-756.101	3.356
24	22	20	18	8397.1	0	5.4	38.91	-1442.01	6.474
24	22	18	16	12165.33	0	11.79	7.02	-522.279	6.474
24	22	16	14	12348.09	0	3.74	13.87	-212.05	6.474
24	22	14	12	15454.71	0	9.24	10.03	-132.7	6.474
24	22	12	10	9568.01	0	6.86	-123.75	-46.945	6.474
24	22	10	19	11363.03	0	6.29	39.47	1421.691	6.474
24	22	19	17	8901.19	0	7.01	37.17	-698.777	6.474
24	22	17	15	16989.46	0	4.7	-17.79	-444.579	6.474
24	22	15	13	13119.56	0	6.04	272.62	-156.051	6.474
24	22	13	11	13297.38	0	2.62	-322.9	-85.166	6.474
24	21	17	14	21418.73	0	5.1	42.6	-1548.158	7.065
24	21	14	11	13347.19	0	7.17	-106.58	-296.844	7.065
24	21	11	8	10671.26	0	5.11	53.49	-103.832	7.065
24	21	8	16	13826.6	0	4.17	38.52	941.737	7.065
24	21	16	13	13937.3	0	5.1	239.2	-641.07	7.065
24	21	13	10	15332.39	0	3.55	-342.53	-251.871	7.065
24	21	10	7	12985.66	0	-0.07	163.4	-100.386	7.065
24	21	7	15	14511.57	0	4.51	-102.61	700.793	7.065
24	21	15	12	15544.32	0	4.87	64.03	-485.485	7.065
24	21	12	9	10260.14	0	2.94	-63.3	-128.179	7.065
24	21	9	6	21268.23	0	-38.51	-51.54	-132.42	7.042
24	20	13	9	13501.39	0	2.36	-281.37	-314.605	5.284
24	20	9	5	19464.38	0	5.75	0.86	-167.098	5.284
24	20	5	1	15688.78	0	6.42	52.03	-64.415	5.284
24	20	1	12	14284.71	0	3.44	10.32	390.618	5.284
24	20	12	8	11446.54	0	1.44	-60.64	-200.564	5.284
24	20	8	4	22601.61	0	6.07	4.3	-158.408	5.284
24	20	4	11	15270.75	0	5.47	-53.53	278.548	5.284
24	20	11	7	13177.54	0	5.15	151.89	-178.307	5.284
24	20	7	3	20037.75	0	2.98	-44.15	-116.2	5.284
24	20	10	6	15193.06	0	-12.7	19.57	-162.015	5.276
24	20	6	2	16849.29	0	35.12	79.66	-81.672	5.276
23	21	19	17	16023.48	0	9.51	19.05	-3182.838	7.488
23	21	17	15	24339.52	0	8.08	-22.9	-1208.675	7.488
23	21	15	13	15105.92	0	5.49	294.98	-300.058	7.488
23	21	13	11	17810.93	0	0.99	-335.33	-176.894	7.488
23	21	11	9	9913.09	0	3.66	47.32	-56.26	7.488
23	21	9	18	17498.45	0	6.8	45.03	2532.383	7.488
23	21	18	16	19045.88	0	8.19	-1.17	-1729.461	7.488
23	21	16	14	16406.06	0	3.4	13.41	-496.584	7.488
23	21	14	12	12227.26	0	3.47	1.26	-168.227	7.488
23	21	12	10	15580.73	0	5.3	-140.33	-115.427	7.488
23	20	16	13	14279.24	0	1.44	250.23	-806.983	5.524
23	20	13	10	15432.07	0	5.46	-376.51	-268.349	5.524
23	20	10	7	15558.72	0	5.09	186.54	-118.366	5.524
23	20	7	15	14843.83	0	3.22	-110.37	790.494	5.524
23	20	15	12	14586.78	0	2.43	66.78	-524.595	5.524
23	20	12	9	13616.13	0	4.33	-57.55	-174.888	5.524
23	20	9	6	21069.77	0	10.94	-60.32	-127.353	5.524
23	20	6	14	13867.21	0	5.52	116.85	523.603	5.524
23	20	14	11	13327.38	0	3.51	-102.53	-325.452	5.524
23	20	11	8	11218.48	0	5.09	46.82	-109.581	5.524
23	20	8	5	23521.94	0	-9.26	12.06	-114.141	5.488
23	19	12	8	13775.58	0	5.83	-56.67	-61.282	1.009
23	19	8	4	21741.03	0	-4.57	8.26	-35.633	1.009
23	19	4	11	13995.2	0	11.33	-54.32	62.093	1.009
23	19	11	7	11935.04	0	24.45	146.63	-39.924	1.009
23	19	7	3	19277.25	0	-21.31	-44.37	-25.794	1.009
23	19	3	10	16114.77	0	9.29	-143.91	56.118	1.009
23	19	10	6	15142.39	0	53.95	25.19	-39.117	1.009
23	19	6	2	16848.23	0	-96.76	86.88	-18.653	1.009
23	19	2	9	17845.49	0	0.98	-27.02	49.763	1.009
23	19	9	5	18228.57	0	24.49	13.61	-37.167	1.009
23	19	5	1	11796.95	0	252.88	36.5	-10.543	0.973
22	20	18	16	21153.01	0	10.51	-8.05	-4597.945	8.195
22	20	16	14	16269.53	0	0.13	12.3	-884.11	8.195
22	20	14	12	11753.47	0	3.8	-0.86	-255.481	8.195
22	20	12	10	15369.03	0	3.56	-145.57	-167.035	8.195
22	20	10	8	11717.03	0	5.4	92.03	-72.768	8.195
22	20	8	17	22683.54	0	6.89	13.56	3592.316	8.195
22	20	17	15	27420.45	0	7.88	-36.37	-2724.697	8.195
22	20	15	13	14785.62	0	7.69	330.14	-489.736	8.195
22	20	13	11	17049.71	0	-4.61	-351.32	-256.695	8.195
22	20	11	9	9741.9	0	5.33	36.25	-78.976	8.195
22	19	15	12	11292.69	0	-1.21	77.9	-116.262	1.006
22	19	12	9	16062.79	0	-51.51	-60.17	-50.883	1.006
22	19	9	6	18409.42	0	82.12	-56.22	-25.514	1.006
22	19	6	14	11572.06	0	16.53	120.49	112.264	1.006
22	19	14	11	11002.02	0	-3.04	-97.85	-72.08	1.006
22	19	11	8	9811.49	0	8.39	44.57	-22.957	1.006
22	19	8	5	20378.32	0	36.27	14.3	-22.439	1.006
22	19	5	13	14392.11	0	-30.06	290.2	98.996	1.006
22	19	13	10	13562.68	0	-69.39	-396.9	-60.335	1.006
22	19	10	7	14928.52	0	42.06	192.83	-26.564	1.006
22	19	7	4	14471.26	0	341.94	-85.98	-12.749	0.996
22	18	11	7	10606.52	0	26.23	148.66	-192.528	4.117
22	18	7	3	18055.19	0	-17.26	-49.91	-120.744	4.117
22	18	3	10	14427.51	0	10.86	-146.23	261.186	4.117
22	18	10	6	13554.2	0	39.21	26.4	-185.005	4.117
22	18	6	2	15307.16	0	-63.28	90.8	-83.573	4.117
22	18	2	9	16477.25	0	7.23	-33.88	234.13	4.117
22	18	9	5	16766.42	0	23.06	30.49	-176.729	4.117
22	18	5	1	14518.57	0	-6.99	25.82	-65.587	4.117
22	18	1	8	17232.3	0	13.33	-44.41	196.074	4.117
22	18	8	4	19698.69	0	23.71	11.52	-163.885	4.117
21	19	17	15	23862.42	0	13.79	-37.47	-627.405	0.991
21	19	15	13	11221.33	0	-33.56	315.16	-73.759	0.991
21	19	13	11	15002.63	0	-94.87	-339.62	-39.446	0.991
21	19	11	9	7586.89	0	2.38	37.29	-9.974	0.991
21	19	9	7	15947.37	0	81.66	113.98	-11.98	0.991
21	19	7	16	11791.36	0	-29.16	-69.59	225.876	0.991
21	19	16	14	12719.86	0	-47.2	22.81	-152.886	0.991
21	19	14	12	6014.52	0	6.33	-8.14	-24.097	0.991
21	19	12	10	17037.09	0	-17.48	-141.44	-31.027	0.991
21	19	10	8	11572.24	0	27.36	94.82	-11.348	0.991
21	18	14	11	8803.65	0	2.9	-105.6	-393.822	4.372
21	18	11	8	8064.16	0	10.3	52.06	-110.998	4.372
21	18	8	5	17218.68	0	29.6	21.56	-103.689	4.372
21	18	5	13	11402.95	0	-4.36	276.61	480.67	4.372
21	18	13	10	10892.38	0	-20.49	-392.93	-310.074	4.372
21	18	10	7	11470.74	0	29.69	198.73	-116.621	4.372
21	18	7	4	16867.1	0	19.58	-89.35	-80.699	4.372
21	18	4	12	12168.64	0	9.37	34.24	363.691	4.372
21	18	12	9	10100.77	0	-6.81	-59.48	-195.243	4.372
21	18	9	6	15670.15	0	59.84	-56.68	-121.158	4.372
21	18	6	3	15149.92	0	-58.16	123.17	-58.389	4.359
21	17	10	6	10417.77	0	23.61	31.92	-290.281	6.319
21	17	6	2	12312.03	0	-36.92	89.21	-126.392	6.319
21	17	2	9	13052.53	0	5.46	-34.57	362.724	6.319
21	17	9	5	13291.86	0	6.76	34.68	-278.497	6.319
21	17	5	1	11541.36	0	5.9	24.99	-96.728	6.319
21	17	1	8	13745.65	0	6.39	-45.31	299.821	6.319
21	17	8	4	15683.06	0	6.21	12.9	-253.759	6.319
21	17	4	7	14797.46	0	4.55	89.68	155.843	6.319
21	17	7	3	14018.26	0	3.54	-52.46	-179.027	6.319
20	18	16	14	11511.95	0	-1.47	29.82	-1137.231	3.724
20	18	14	12	6682.43	0	10.9	-12.79	-165.034	3.724
20	18	12	10	10200.19	0	-16.3	-143.31	-100.765	3.724
20	18	10	8	8007.51	0	25.59	100.94	-39.552	3.724
20	18	8	6	16906.77	0	101.86	-72.02	-47.719	3.724
20	18	6	15	10097.11	0	9.38	37.43	726.723	3.724
20	18	15	13	9948.84	0	13.3	330.99	-449.287	3.724
20	18	13	11	10979.02	0	-30.52	-356.99	-165.27	3.724
20	18	11	9	6171.61	0	7.2	47.61	-42.229	3.724
20	18	9	7	13828.91	0	51.06	115.57	-50.951	3.724
20	17	13	10	7908.17	0	1.61	-400.1	-403.735	4.99
20	17	10	7	8810.65	0	7.81	203.85	-138.403	4.99
20	17	7	4	13623.36	0	3.64	-93.34	-93.627	4.99
20	17	4	12	9090.18	0	4.88	39.64	437.307	4.99
20	17	12	9	7339.66	0	3.5	-60.82	-238.452	4.99
20	17	9	6	12740.95	0	8.33	-59.04	-147.832	4.99
20	17	6	3	11924.3	0	-0.08	121.42	-65.109	4.99
20	17	3	11	8895.91	0	5.23	-111.63	303.434	4.99
20	17	11	8	6183.06	0	5.2	64.09	-136.398	4.99
20	17	8	5	13928.72	0	8.19	19.74	-122.906	4.99
20	17	5	2	11236.46	0	0.7	2.92	-49.307	4.963
20	16	9	5	18214.57	0	18.76	32.03	-212.182	2.642
20	16	5	1	16725.52	0	-22.58	29.21	-71.781	2.642
20	16	1	8	19211.94	0	7.71	-45.44	223.202	2.642
20	16	8	4	21732.41	0	6.97	2.06	-190.365	2.642
20	16	4	7	20457.45	0	0.44	99.19	114.87	2.642
20	16	7	3	19481.47	0	-1.23	-54.86	-131.782	2.642
20	16	3	6	18367.31	0	-12.74	-121.08	80.871	2.642
20	16	6	2	16518.39	0	-13.34	95.1	-88.194	2.642
19	17	15	13	7276.06	0	-32.56	344.63	-166.313	0.862
19	17	13	11	6461.37	0	257.89	-379.49	-36.923	0.862
19	17	11	9	5079.35	0	3.71	54.15	-11.61	0.862
19	17	9	7	11560.85	0	-52.44	116.08	-13.213	0.862
19	17	7	5	11892.86	0	-23.14	-84.46	-7.767	0.862
19	17	5	14	6286.9	0	-1.05	39.72	104.698	0.862
19	17	14	12	6151.5	0	1.89	-11.06	-64.278	0.862
19	17	12	10	4861.79	0	44.45	-148.42	-16.934	0.862
19	17	10	8	5048.65	0	-61.73	104.86	-7.993	0.862
19	17	8	6	15832.42	0	-92.51	-77.14	-13.497	0.862
19	16	12	9	9945.03	0	0.88	-65.18	-75.521	0.742
19	16	9	6	19973.42	0	-15.79	-61.06	-46.669	0.742
19	16	6	3	18844.93	0	61.88	122.18	-19.264	0.742
19	16	3	11	13738.09	0	1.29	-114.84	98.307	0.742
19	16	11	8	9756.09	0	-0.04	71.91	-47.146	0.742
19	16	8	5	22269.3	0	-8.28	16.59	-38.434	0.742
19	16	5	2	17783.3	0	36.58	1.78	-14.443	0.742
19	16	2	10	15315.86	0	-0.02	-124.18	77.707	0.742
19	16	10	7	13402.04	0	-20.1	205.33	-43.976	0.742
19	16	7	4	21483.62	0	18.28	-103.05	-28.198	0.742
19	16	4	1	16375.69	0	-299.99	50.48	-10.572	0.73
19	15	8	4	22152.63	0	-76.85	-1.03	-79.59	0.815
19	15	4	7	20616.49	0	-117.99	97.7	46.583	0.815
19	15	7	3	19938.31	0	9.12	-53.18	-53.865	0.815
19	15	3	6	18635.02	0	48.17	-122.73	32.272	0.815
19	15	6	2	16869.38	0	52.05	98.53	-35.195	0.815
19	15	2	5	17749.96	0	35.05	-0.4	24.104	0.815
19	15	5	1	19195.4	0	14.77	24.65	-31.609	0.815
18	16	14	12	9231.87	0	5.21	-7.91	-490.373	2.002
18	16	12	10	13414.46	0	6.85	-154.03	-178.135	2.002
18	16	10	8	11101.47	0	-0.69	109.31	-58.968	2.002
18	16	8	6	25899.61	0	-14.5	-79.79	-68.786	2.002
18	16	6	4	22491.68	0	9.25	74.26	-34.134	2.002
18	16	4	13	14458.61	0	-1.68	285.26	559.545	2.002
18	16	13	11	14385.11	0	-1.31	-352.68	-349.302	2.002
18	16	11	9	9026.97	0	2.89	55.62	-73.065	2.002
18	16	9	7	20619.7	0	-0.6	115.48	-75.862	2.002
18	16	7	5	21292.54	0	-0.87	-77.8	-42.182	2.002
18	15	11	8	9169.72	0	2.46	76.38	-279.881	2.983
18	15	8	5	22322.29	0	-2.68	20.41	-209.64	2.983
18	15	5	2	18865.88	0	26.77	-1.12	-77.516	2.983
18	15	2	10	15270.37	0	3.28	-128.86	439.198	2.983
18	15	10	7	13248.99	0	-1.85	206.95	-257.339	2.983
18	15	7	4	22042.33	0	-1.88	-101.12	-152.905	2.983
18	15	4	1	12412.99	0	22.27	49.78	-40.521	2.983
18	15	1	9	18948.72	0	0.1	-63.49	386.413	2.983
18	15	9	6	19736.97	0	-13.84	-61.31	-260.305	2.983
18	15	6	3	19984.22	0	41.21	123.34	-105.426	2.983
18	14	7	3	23033.98	0	2.78	-51.51	-402.561	3.963
18	14	3	6	22276.09	0	17.54	-125.39	244.842	3.963
18	14	6	2	20312.97	0	25.08	100.02	-266.948	3.963
18	14	2	5	21382.85	0	17.28	2.64	180.133	3.963
18	14	5	1	20479.87	0	6.44	25.59	-207.843	3.963
17	15	13	11	12726.1	0	6.29	-363.11	-1253.922	3.715
17	15	11	9	8686.3	0	6.26	58.11	-213.968	3.715
17	15	9	7	21614.13	0	6.27	113.92	-212.968	3.715
17	15	7	5	23165.65	0	2.37	-73.31	-114.127	3.715
17	15	5	3	26530.51	0	6.72	21.35	-74.688	3.715
17	15	3	12	14375.67	0	5.95	1.58	1031.99	3.715
17	15	12	10	12389.08	0	6.72	-154.29	-558.041	3.715
17	15	10	8	11255.58	0	5.92	109.88	-168.995	3.715
17	15	8	6	27684.73	0	1.61	-80.76	-188.94	3.715
17	15	6	4	25624.08	0	11.9	77.29	-94.164	3.715
17	14	10	7	15241.68	0	3.23	208.89	-845.174	5.42
17	14	7	4	26711.04	0	9.21	-96.92	-455.744	5.42
17	14	4	1	15749.45	0	-0.03	46.9	-117.564	5.42
17	14	1	9	22918.84	0	4.96	-64.66	1197.563	5.42
17	14	9	6	23284.8	0	4.45	-62.71	-821.658	5.42
17	14	6	3	25004.79	0	7.28	124.13	-315.126	5.42
17	14	3	8	27203.45	0	4.82	-44.25	846.505	5.42
17	14	8	5	26909.96	0	4.46	24.53	-644.776	5.42
17	14	5	2	24116.75	0	5.5	-5.27	-231.14	5.42
17	13	6	2	19033.44	0	-2.16	99.56	-260.084	3.099
17	13	2	5	20231.42	0	0.45	5.36	173.864	3.099
17	13	5	1	19404.06	0	3.99	24.8	-199.379	3.099
16	14	12	10	12054.5	0	8.11	-158.78	-872.162	2.728
16	14	10	8	10664.51	0	5.8	106.38	-192.898	2.728
16	14	8	6	26903.24	0	-6.42	-75.74	-194.649	2.728
16	14	6	4	25320.79	0	22.02	86.13	-91.6	2.728
16	14	4	2	14197.06	0	19.05	11.87	-29.348	2.728
16	14	2	11	13242.09	0	4.94	-93.32	698.034	2.728
16	14	11	9	8263.15	0	6.09	61.27	-273.304	2.728
16	14	9	7	21051.13	0	0.07	112.69	-232.089	2.728
16	14	7	5	22284.08	0	-2.31	-74.23	-111.674	2.728
16	14	5	3	26421.56	0	24.29	21.29	-71.297	2.728
16	13	9	6	16864.63	0	-0.73	-58.33	-342.023	1.982
16	13	6	3	18747.74	0	19.71	119.83	-116.989	1.982
16	13	3	8	20358.7	0	4.1	-49.59	333.484	1.982
16	13	8	5	20060.24	0	3.92	27.66	-258.893	1.982
16	13	5	2	18809.52	0	4.9	-5.02	-86.697	1.982
16	13	2	7	18290.82	0	4.44	79.59	208.163	1.982
16	13	7	4	20075.63	0	7.51	-87.52	-175.926	1.982
16	13	4	1	12931.63	0	-44.3	37.08	-45.329	1.982
16	12	5	1	20207.78	0	-10.06	26.42	-212.869	2.389
15	13	11	9	5276.79	0	7.27	59.45	-422.014	3.015
15	13	9	7	15871.91	0	9.27	112.6	-317.341	3.015
15	13	7	5	17976.16	0	6.46	-72.04	-143.765	3.015
15	13	5	3	21337.35	0	-4.33	23.19	-85.323	3.015
15	13	3	1	12668.09	0	23.1	-0.72	-28.947	3.015
15	13	1	10	12056.48	0	6.89	-157.26	702.505	3.015
15	13	10	8	7670.61	0	6.94	106.43	-280.439	3.015
15	13	8	6	21059.31	0	13.12	-72.38	-256.644	3.015
15	13	6	4	20630.42	0	-2.68	92.19	-114.281	3.015
15	13	4	2	12652.75	0	-22.54	2.81	-37.74	3.015
15	12	8	5	22124.92	0	5.24	34.01	-906.828	4.006
15	12	5	2	21535.31	0	5.08	-9.55	-271.589	4.006
15	12	2	7	20161.08	0	3	78.92	667.426	4.006
15	12	7	4	21773.77	0	4.46	-78.76	-567.914	4.006
15	12	4	1	14482.11	0	2.87	30.09	-134.903	4.006
15	12	1	6	19252.23	0	3.99	-124.02	442.809	4.006
15	12	6	3	21291.04	0	1.5	123.83	-377.071	4.006
14	12	10	8	8783.24	0	9.3	107.21	-1421.869	6.103
14	12	8	6	21730.05	0	8.73	-69.63	-879.438	6.103
14	12	6	4	20911.8	0	2.93	95.89	-338.529	6.103
14	12	4	2	13189.86	0	-10.86	-1.18	-106.761	6.103
14	12	2	9	17771.38	0	7.11	-34.11	2013.834	6.103
14	12	9	7	17296.97	0	9.98	112.87	-1280.049	6.103
14	12	7	5	17921.74	0	2.39	-70.27	-442.094	6.103
14	12	5	3	23202.88	0	3.27	21.23	-260.168	6.103
14	12	3	1	11625.41	0	18.63	-0.26	-70.19	6.103
14	11	7	4	26691.05	0	6.25	-73.03	-3386.883	12.402
14	11	4	1	18077.25	0	7.54	24.6	-705.803	12.402
14	11	1	6	23145.71	0	6.87	-122.09	2372.199	12.402
14	11	6	3	25179.42	0	7.2	124.42	-2033.226	12.402
14	11	3	5	29998.43	0	6.77	-21.24	1270.992	12.402
14	11	5	2	26044.1	0	6.18	-6.94	-1427.996	12.402
13	11	9	7	38137.48	0	9.78	97.87	-4601.44	4.549
13	11	7	5	27311.96	0	8.96	-76.02	-823.824	4.549
13	11	5	3	34981.41	0	9.69	17.89	-422.065	4.549
13	11	3	1	16181.59	0	-5.52	-1.4	-97.619	4.549
13	11	1	8	34796.54	0	7.45	-41.73	2938.84	4.549
13	11	8	6	39244.57	0	6.81	-77.5	-2164.579	4.549
13	11	6	4	29937.87	0	9.58	92.82	-550.419	4.549
13	11	4	2	20455.11	0	12.64	-0.95	-170.943	4.549
13	10	6	3	22349.51	0	8.58	127.64	-1061.796	4.643
13	10	3	5	27681.56	0	5.02	-20.61	657.557	4.643
13	10	5	2	24036.18	0	8.69	-10.23	-726.681	4.643
13	10	2	4	16409.2	0	12.41	-1.15	260.297	4.643
13	10	4	1	17267.19	0	9.91	27.43	-354.469	4.643
12	10	8	6	33167.05	0	7.72	-67.33	-6939.305	7.888
12	10	6	4	22688.09	0	21.58	80.5	-1186.716	7.888
12	10	4	2	16480.38	0	11.16	0.06	-344.807	7.888
12	10	2	7	21673.45	0	8.58	81.94	2947.477	7.888
12	10	7	5	20710.16	0	8.42	-67.87	-1980.817	7.888
12	10	5	3	27121.26	0	8.97	14.04	-864.668	7.888
12	10	3	1	15908.98	0	4.79	-3.41	-230.547	7.888
12	9	5	2	17396.24	0	6.94	-10.72	-1361.704	7.651
12	9	2	4	12271.55	0	5.4	0.06	480.282	7.651
12	9	4	1	13030.05	0	6.51	26.49	-649.051	7.651
11	9	7	5	10310.69	0	8.05	-62.71	-6193.232	22.644
11	9	5	3	14976.96	0	8.63	9.78	-2249.019	22.644
11	9	3	1	9233.51	0	6.91	0.29	-554.622	22.644
11	9	1	6	11021.53	0	7.83	-123.36	4303.133	22.644
11	9	6	4	11421.77	0	8.11	99.08	-3136.28	22.644
11	9	4	2	9525.81	0	6.74	-1.03	-871.89	22.644
11	8	4	1	9736.61	0	7.74	26.39	-1373.851	13.791
10	8	6	4	8233.87	0	8.83	94.86	-3350.784	15.342
10	8	4	2	8375.63	0	3.46	-5.73	-852.118	15.342
10	8	2	5	11153.76	0	7.68	21.7	2496.47	15.342
10	8	5	3	12073.49	0	8.19	6.08	-2246.09	15.342
10	8	3	1	8669.46	0	7.96	-1.49	-537.607	15.342
9	7	5	3	16060.16	0	9.27	7.65	-2972.347	6.977
9	7	3	1	12077.85	0	6.68	-4.41	-558.829	6.977
9	7	1	4	11931.03	0	5.84	-19.21	1214.48	6.977
9	7	4	2	10921.15	0	4.08	-3.44	-923.996	6.977
8	6	4	2	11378.8	0	-1.43	-4.7	-806.267	2.671
8	6	2	3	10068.44	0	4.39	25.83	214.026	2.671
8	6	3	1	13110.55	0	11.56	-2.18	-424.674	2.671
7	5	3	1	9741.88	0	8.89	0.26	-894.881	3.463
