Spa.1	Spa.2	Spa.3	Spa.4	Rho	Dev.	M	Sp	Vp	In
1	3	5	7	4808.67	0	3.43	141.41	-1270.959	9.964
1	3	7	9	2417.87	0	3.56	11.41	-159.764	9.964
1	3	9	11	3215.14	0	24.32	100.27	-84.978	9.964
1	3	11	13	4561.7	0	2.58	-117.47	-60.284	9.964
1	3	13	15	4896.35	0	125.18	82.06	-36.975	9.964
1	3	15	6	4025.73	0	10.99	-63.89	775.215	9.964
1	3	6	8	4364.68	0	4.08	38.07	-527.364	9.964
1	3	8	10	2562.27	0	9.75	60.98	-103.196	9.964
1	3	10	12	3782.7	0	4.15	-262.11	-69.249	9.964
1	3	12	14	5513.5	0	10.21	245.82	-54.35	9.964
1	4	8	11	3987.46	0	16.58	62.8	-292.21	7.162
1	4	11	14	5935.19	0	-9.83	-16.45	-133.829	7.162
1	4	14	17	11694.6	0	1.58	-67.39	-115.366	7.162
1	4	17	9	6047.43	0	2.15	-15.16	417.602	7.162
1	4	9	12	4443.43	0	-0.25	-162.65	-207.216	7.162
1	4	12	15	7966.07	0	43.98	227.26	-132.675	7.162
1	4	15	18	12936.75	0	-44.54	-35.2	-101.394	7.162
1	4	18	10	7220.96	0	-1.2	69.55	353.548	7.162
1	4	10	13	5873.4	0	-5.73	-112.95	-185.982	7.162
1	4	13	16	9421.1	0	37.06	-58.93	-119.328	7.162
1	4	16	19	9821.46	0	-52.15	159.19	-61.827	7.12
1	5	12	16	9084.47	0	9.42	84.22	-386.368	9.645
1	5	16	20	10013.18	0	-5.11	178.33	-156.898	9.645
1	5	20	24	10070.69	0	-0.66	-128.31	-75.469	9.645
1	5	24	13	9767.78	0	3.79	19.84	487.518	9.645
1	5	13	17	9633.49	0	4.33	20.88	-308.089	9.645
1	5	17	21	9685.82	0	4.06	91.72	-123.905	9.645
1	5	21	14	11235.67	0	4.46	-8.11	374.07	9.645
1	5	14	18	12181.39	0	5.08	-71.67	-300.847	9.645
1	5	18	22	9167.08	0	-3	-30.53	-97.029	9.645
1	5	15	19	12778.02	0	-17.77	15.15	-248.224	9.612
1	5	19	23	9171.66	0	12.32	-124.83	-80.985	9.612
2	4	6	8	12271.24	0	9.2	-7.62	-1858.071	5.708
2	4	8	10	3669.38	0	16.42	53.27	-138.901	5.708
2	4	10	12	4049.78	0	-0.17	-254.45	-61.321	5.708
2	4	12	14	6713.17	0	-5.08	265.7	-50.824	5.708
2	4	14	16	12055.59	0	44.89	-185.11	-52.155	5.708
2	4	16	7	4242.97	0	8.35	71.94	468.076	5.708
2	4	7	9	3403.45	0	0.15	11.34	-235.584	5.708
2	4	9	11	4693.65	0	20.61	96.43	-108.297	5.708
2	4	11	13	5393.17	0	-3.12	-101.61	-56.562	5.708
2	4	13	15	6544.58	0	42.41	67.01	-36.959	5.708
2	5	9	12	4541.71	0	16.06	-161.54	-333.991	7.188
2	5	12	15	7025.2	0	7.99	225.02	-158.961	7.188
2	5	15	18	13583.59	0	-3.6	-49	-134.47	7.188
2	5	18	10	6001.94	0	8.59	79.63	415.911	7.188
2	5	10	13	4231.48	0	16.32	-92.97	-198.022	7.188
2	5	13	16	9282.78	0	1.94	-81	-155.146	7.188
2	5	16	19	10240.48	0	10.49	157.71	-80.542	7.188
2	5	19	11	7278.03	0	9.07	21.75	357.588	7.188
2	5	11	14	4953.44	0	19.77	15.75	-157.401	7.188
2	5	14	17	11996.23	0	-1.52	-106.84	-152.477	7.188
2	5	17	20	10492.73	0	6.42	88.32	-66.409	7.158
2	6	13	17	8272.46	0	-1.38	-2.95	-294.243	8.066
2	6	17	21	8727.69	0	22	92.79	-114.371	8.066
2	6	21	14	9994.6	0	4.19	8.08	354.548	8.066
2	6	14	18	10686.59	0	-0.01	-92.88	-285.826	8.066
2	6	18	22	8539.89	0	-17.52	-23.51	-91.364	8.066
2	6	22	15	10817.84	0	-3.46	78.65	301.207	8.066
2	6	15	19	11458.51	0	6.97	11.29	-236.672	8.066
2	6	19	23	8585.58	0	-8.99	-119.99	-76	8.066
2	6	23	16	8968.34	0	8.13	-36.06	199.958	8.066
2	6	16	20	9310.82	0	24.99	173.28	-151.789	8.066
2	6	20	24	9161.42	0	-91.7	-121.05	-67.411	8.01
3	5	7	9	4001.6	0	5.52	17.44	-1156.526	10.896
3	5	9	11	5499.5	0	11.19	93.48	-397.361	10.896
3	5	11	13	5930.05	0	9.03	-85.69	-171.388	10.896
3	5	13	15	7988.27	0	10.34	53.15	-115.437	10.896
3	5	15	17	17161.7	0	3.56	-65.99	-141.714	10.896
3	5	17	8	5008.39	0	6.78	41.1	1054.611	10.896
3	5	8	10	3899.37	0	5.55	52.3	-515.191	10.896
3	5	10	12	3993.4	0	10.07	-251.24	-175.871	10.896
3	5	12	14	7736.88	0	7.43	259.56	-154.88	10.896
3	5	14	16	15429.31	0	6.56	-179.35	-166.315	10.896
3	6	10	13	3564.68	0	13.16	-75.17	-480.239	13.167
3	6	13	16	8962.29	0	2.16	-95.46	-371.512	13.167
3	6	16	19	10307.93	0	13.88	156.07	-186.94	13.167
3	6	19	11	6709.79	0	8.89	23.31	851.802	13.167
3	6	11	14	4393.74	0	12.99	1.49	-376.683	13.167
3	6	14	17	11829.41	0	5.41	-101.32	-362.199	13.167
3	6	17	20	10307.01	0	10.3	93.26	-148.511	13.167
3	6	20	12	8617.31	0	6.73	-249.78	775.644	13.167
3	6	12	15	6541.25	0	2.83	224.22	-380.786	13.167
3	6	15	18	13688.28	0	9.07	-58.85	-318.734	13.167
3	6	18	21	8981.59	0	-3.56	86.43	-104.095	13.108
3	7	14	18	12257.35	0	6.46	-95.62	-475.428	8.796
3	7	18	22	10253.6	0	9.5	-19.86	-146.524	8.796
3	7	22	15	12580.79	0	2.77	82.69	486.669	8.796
3	7	15	19	13165.17	0	-0.86	9.17	-383.978	8.796
3	7	19	23	10386.95	0	8.14	-115.36	-121.179	8.796
3	7	23	16	10581.07	0	-3.5	-38.35	321.27	8.796
3	7	16	20	10566.29	0	-9.3	169.76	-237.99	8.796
3	7	20	24	11643.59	0	12.65	-120.62	-112.395	8.796
3	7	24	17	11146.65	0	7.13	27.72	271.012	8.796
3	7	17	21	10585.04	0	5.49	93.29	-188.175	8.796
4	6	8	10	2510.24	0	-7.06	39.15	-589.117	8.847
4	6	10	12	1933.23	0	66.04	-247.57	-113.425	8.847
4	6	12	14	4647.29	0	6.72	255.76	-109.065	8.847
4	6	14	16	10785.44	0	-31.38	-179.68	-126.559	8.847
4	6	16	18	9461.07	0	65.22	81	-63.439	8.847
4	6	18	9	4225.55	0	9.55	6.33	722.506	8.847
4	6	9	11	3509.66	0	3.78	92.29	-376.533	8.847
4	6	11	13	3373.68	0	38.53	-72.42	-120.648	8.847
4	6	13	15	5252.03	0	-29.67	40.24	-85.373	8.847
4	6	15	17	12500.58	0	33.71	-70.11	-109.415	8.847
4	7	11	14	4301.64	0	11.63	2.55	-291.551	6.624
4	7	14	17	11375.26	0	5.87	-103.51	-237.224	6.624
4	7	17	20	10039.05	0	10.19	92.28	-91.594	6.624
4	7	20	12	8312.93	0	6.97	-243.37	530.918	6.624
4	7	12	15	6561.44	0	6.29	222.85	-282.999	6.624
4	7	15	18	13028.59	0	4.18	-66.24	-200.69	6.624
4	7	18	21	8925.99	0	11.27	87.45	-64.703	6.624
4	7	21	13	8979.57	0	5.84	-58.2	406.621	6.624
4	7	13	16	8536.11	0	4.8	-108.06	-249.991	6.624
4	7	16	19	10007.85	0	7.6	153.51	-117.237	6.624
4	7	19	22	10456.21	0	-29.57	-89.69	-60.968	6.594
4	8	15	19	11100.91	0	13.2	7.7	-297.451	6.077
4	8	19	23	9376.39	0	34.95	-113.74	-92.563	6.077
4	8	23	16	9172.08	0	29.1	-38.09	245.11	6.077
4	8	16	20	8978.72	0	37.97	164.23	-180.909	6.077
4	8	20	24	10568.62	0	-38.2	-118.31	-85.178	6.077
4	8	24	17	9718.22	0	0.44	28.66	203.843	6.077
4	8	17	21	9104.59	0	9.7	91.25	-141.665	6.077
4	8	21	18	8222.83	0	15.86	-88.09	83.279	6.077
4	8	18	22	9013.05	0	31.66	-15.78	-110.69	6.077
5	7	9	11	5271.06	0	4.99	89.06	-1243.468	8.893
5	7	11	13	4227.91	0	3.61	-58.12	-249.346	8.893
5	7	13	15	6127.53	0	19.23	29.04	-144.552	8.893
5	7	15	17	12744.39	0	-8.29	-70.89	-150.323	8.893
5	7	17	19	10019.81	0	-0.36	78.59	-67.535	8.893
5	7	19	10	5264.81	0	10.61	17.28	904.881	8.893
5	7	10	12	3616.88	0	17.63	-244.66	-390.052	8.893
5	7	12	14	5975.87	0	7.56	254.11	-214.817	8.893
5	7	14	16	11429.53	0	21.07	-177.02	-186.756	8.893
5	7	16	18	10107.67	0	-27.69	74.35	-88.93	8.893
5	8	12	15	6042.24	0	4.4	221.76	-492.696	7.97
5	8	15	18	11173.96	0	9.3	-70.41	-280.353	7.97
5	8	18	21	7986.87	0	12.82	88.5	-87.67	7.97
5	8	21	13	7776.62	0	7.2	-43.29	597.537	7.97
5	8	13	16	7367.39	0	2.18	-117.4	-382.297	7.97
5	8	16	19	8708.83	0	18.62	151.02	-161.395	7.97
5	8	19	22	9468.56	0	55.67	-92.31	-82.576	7.97
5	8	22	14	9651.96	0	14.32	117.98	525.837	7.97
5	8	14	17	9862.77	0	5.72	-103.62	-347.507	7.97
5	8	17	20	8901.83	0	25.08	89.82	-125.46	7.97
5	8	20	23	9330.81	0	40.89	-119.3	-65.435	7.931
5	9	16	20	8878.77	0	20.19	159.51	-135.366	3.458
5	9	20	24	10872.15	0	-50.05	-116.92	-61.068	3.458
5	9	24	17	9745.88	0	5.03	29.93	148.189	3.458
5	9	17	21	9031.56	0	73.93	87.8	-103.541	3.458
5	9	21	18	8188.18	0	125.19	-88.41	60.174	3.458
5	9	18	22	9058.3	0	4.29	-13.04	-80.196	3.458
5	9	22	19	9796.76	0	-1.26	93.12	56.454	3.458
5	9	19	23	9293.09	0	98.98	-110.68	-64.938	3.458
6	8	10	12	5252.03	0	8.61	-242.18	-1262.225	9.06
6	8	12	14	5996.37	0	7.1	252.99	-360.278	9.06
6	8	14	16	10855.5	0	4.19	-175.77	-260.892	9.06
6	8	16	18	9554.01	0	10.45	70.75	-114.806	9.06
6	8	18	20	8379.59	0	48.51	89.39	-57.539	9.06
6	8	20	11	5603.43	0	10.24	13.01	981.15	9.06
6	8	11	13	4101.65	0	9.13	-44.83	-450.631	9.06
6	8	13	15	6016.84	0	4.51	17.31	-220.348	9.06
6	8	15	17	11833.24	0	9.63	-72.23	-196.98	9.06
6	8	17	19	9595.49	0	10.69	78.85	-86.008	9.06
6	9	13	16	7048.46	0	21.24	-128.98	-256.758	3.56
6	9	16	19	9406.26	0	-34.16	149.05	-105.43	3.56
6	9	19	22	10197.88	0	10	-93.2	-50.007	3.56
6	9	22	14	10003.72	0	5.51	120.57	343.387	3.56
6	9	14	17	10052.19	0	4.39	-104.22	-233.021	3.56
6	9	17	20	9523.95	0	38.56	87.1	-78.849	3.56
6	9	20	23	10226.3	0	105.73	-118.75	-39.842	3.56
6	9	23	15	10965.91	0	24.54	104.94	266.887	3.56
6	9	15	18	11888.47	0	-0.9	-74.86	-187.128	3.56
6	9	18	21	8550.34	0	137.86	87.13	-53.834	3.56
6	9	21	24	11131.31	0	-106.02	-110.62	-34.278	3.483
6	10	17	21	7877.53	0	7.38	83.28	-388.229	11.177
6	10	21	18	7275.6	0	5.75	-85.89	225.503	11.177
6	10	18	22	8004.5	0	9.47	-12.26	-296.636	11.177
6	10	22	19	8770.29	0	13.33	94.97	208.343	11.177
6	10	19	23	8547.67	0	8.32	-109.61	-244.621	11.177
6	10	23	20	8961.28	0	14.47	116.83	166.926	11.177
6	10	20	24	9904.59	0	12.79	-114.43	-223.726	11.177
7	9	11	13	3364.86	0	7.18	-37.57	-275.715	3.089
7	9	13	15	4736.82	0	6.09	4.81	-97.033	3.089
7	9	15	17	11496.34	0	2.81	-72.12	-94.201	3.089
7	9	17	19	8871.95	0	10.08	79.2	-36.348	3.089
7	9	19	21	8208.84	0	362.45	4.07	-19.218	3.089
7	9	21	12	6118	0	24.5	-226.49	365.237	3.089
7	9	12	14	4334.81	0	6.46	249.45	-162.374	3.089
7	9	14	16	9623.64	0	9.17	-174.84	-120.161	3.089
7	9	16	18	8906.41	0	-7.9	66.07	-50.548	3.089
7	9	18	20	7771.9	0	111.54	89.07	-23.751	3.089
7	10	14	17	9349.26	0	7.52	-103.06	-756.327	7.907
7	10	17	20	7187.5	0	11.43	84.05	-178.907	7.907
7	10	20	23	8303.04	0	2.4	-114.45	-90.42	7.907
7	10	23	15	8711.05	0	9.61	101.85	664.042	7.907
7	10	15	18	9389.49	0	10.96	-75.27	-483.37	7.907
7	10	18	21	6690.89	0	7.01	86.24	-123.016	7.907
7	10	21	24	10182.98	0	2.21	-111.16	-88.104	7.907
7	10	24	16	7340.3	0	12.05	-39.6	396.735	7.907
7	10	16	19	6683.05	0	17.27	148.18	-233.609	7.907
7	10	19	22	8134.75	0	2.68	-93.92	-113.742	7.907
7	11	18	22	8834.38	0	0.97	-8.96	-320.761	8.234
7	11	22	19	9751.32	0	-2	93.05	222.666	8.234
7	11	19	23	9525.31	0	5.54	-107.23	-260.061	8.234
7	11	23	20	10071.54	0	4.26	114.12	176.266	8.234
7	11	20	24	11160.73	0	3	-113.05	-235.312	8.234
8	10	12	14	8757.58	0	9.67	236.14	-1660.477	7.148
8	10	14	16	10404.61	0	13.31	-175.41	-493.19	7.148
8	10	16	18	6669.16	0	-4.58	62.84	-126.45	7.148
8	10	18	20	6407.3	0	-39.98	89.84	-60.743	7.148
8	10	20	22	8437.94	0	-40.79	-100.04	-45.711	7.148
8	10	22	13	7483.29	0	3.75	98.17	1033.745	7.148
8	10	13	15	6741.22	0	11.01	-7.85	-584.305	7.148
8	10	15	17	9776.96	0	2.77	-72.85	-282.477	7.148
8	10	17	19	7059.03	0	4.27	78.44	-92.705	7.148
8	10	19	21	7073.94	0	4.25	1.32	-50.023	7.148
8	11	15	18	15518.96	0	6.58	-75.2	-1174.023	7.394
8	11	18	21	8207.92	0	7.77	84.45	-191.057	7.394
8	11	21	24	12785.28	0	16.68	-109.84	-130.202	7.394
8	11	24	16	9145.02	0	5.73	-36.84	651.916	7.394
8	11	16	19	8458.1	0	2.92	147.47	-407.186	7.394
8	11	19	22	9933.79	0	-19.28	-95.13	-170.796	7.394
8	11	22	17	9307.99	0	-4.55	16.61	395.151	7.394
8	11	17	20	8862.36	0	-1.1	83.25	-289.699	7.394
8	11	20	23	10303.14	0	-3.95	-111.92	-134.718	7.394
8	12	19	23	8336.89	0	-20.25	-105.47	-400.744	10.901
8	12	23	20	8955.28	0	-27.03	108.9	270.724	10.901
8	12	20	24	9864.41	0	10.86	-111.84	-356.553	10.901
9	11	13	15	14147.69	0	8.05	-30.36	-1205.553	3.212
9	11	15	17	17790.53	0	14.97	-77.23	-378.991	3.212
9	11	17	19	8621.36	0	5.24	79.36	-73.464	3.212
9	11	19	21	8759.99	0	-190.64	0.69	-37.323	3.212
9	11	21	23	10999.26	0	60.04	-108.81	-26.779	3.212
9	11	23	14	16718.88	0	3.75	148.07	1037.958	3.212
9	11	14	16	21538.76	0	7.91	-183.71	-839.022	3.212
9	11	16	18	8463.95	0	26.12	58.26	-109.902	3.212
9	11	18	20	7807.41	0	-56.7	89.12	-46.08	3.212
9	11	20	22	10763.91	0	90.72	-98.93	-34.208	3.212
9	12	16	19	6826.21	0	9.28	147.97	-255.526	3.659
9	12	19	22	8058.82	0	20.68	-98.49	-92.821	3.659
9	12	22	17	7341.57	0	2.39	17.59	221.968	3.659
9	12	17	20	6904.98	0	-12.24	81.53	-164.484	3.659
9	12	20	23	8574.53	0	-58.73	-109.24	-72.948	3.659
9	12	23	18	7153.77	0	-43.68	20.64	150.274	3.659
9	12	18	21	6461.66	0	-73.11	88.08	-104.516	3.659
9	12	21	24	11325.83	0	102.81	-112.94	-73.277	3.659
9	13	20	24	10464.68	0	-21.7	-108.02	-166.781	3.614
10	12	14	16	23660.7	0	12.39	-177.75	-9070.166	14.452
10	12	16	18	7798.85	0	16.34	55.74	-747.408	14.452
10	12	18	20	6672.7	0	16.13	90.08	-255.794	14.452
10	12	20	22	9709.22	0	-22.08	-97.92	-186.098	14.452
10	12	22	24	10998.52	0	20.04	-13.32	-120.463	14.452
10	12	24	15	16104.07	0	10.63	105.68	4497.751	14.452
10	12	15	17	20766.26	0	11.99	-73.9	-3639.131	14.452
10	12	17	19	7475.15	0	7.23	80.33	-436.655	14.452
10	12	19	21	7582.62	0	7.03	-0.89	-201.333	14.452
10	12	21	23	10460.42	0	-0.4	-105.98	-149.554	14.452
10	13	17	20	7806.2	0	7.7	83.93	-1153.663	14.445
10	13	20	23	9551.92	0	1.95	-106.63	-434.357	14.445
10	13	23	18	7839.83	0	5.75	15.41	935.819	14.445
10	13	18	21	7043.68	0	7.8	91.07	-662.437	14.445
10	13	21	24	12258.46	0	1.52	-109.29	-411.74	14.445
10	13	24	19	9575.15	0	4.29	110.03	794.104	14.445
10	13	19	22	8887.53	0	-1.17	-95.35	-567.549	14.445
11	13	15	17	31150.89	0	12.47	-97.25	-13211.278	15.988
11	13	17	19	7144.13	0	10.63	78.38	-757.467	15.988
11	13	19	21	6792.45	0	8.14	-1.6	-288.072	15.988
11	13	21	23	9489.78	0	-1.45	-105.55	-201.233	15.988
11	13	23	16	7964.64	0	8.53	-34	2364.495	15.988
11	13	16	18	8551.81	0	9.91	52.14	-1657.999	15.988
11	13	18	20	5960.22	0	12.19	89.97	-385.183	15.988
11	13	20	22	8737.16	0	-15.87	-97.58	-256.657	15.988
11	13	22	24	10633.66	0	16.13	-14.12	-168.198	15.988
11	14	18	21	4282.66	0	4.86	90.72	-687.885	15.699
11	14	21	24	8068.59	0	5.87	-110.93	-398.765	15.699
11	14	24	19	6059.93	0	4.08	112.04	786.169	15.699
11	14	19	22	5534.4	0	-0.28	-96.89	-565.69	15.699
11	14	22	20	6329.96	0	-9.88	97.12	339.479	15.699
11	14	20	23	6193.72	0	-1.06	-105.07	-429.87	15.699
12	14	16	18	5470.32	0	8.39	55.04	-8484.057	58.469
12	14	18	20	4026.39	0	6.91	89.61	-1561.158	58.469
12	14	20	22	6264.95	0	6.8	-96.61	-971.649	58.469
12	14	22	24	8139.91	0	6.79	-13.5	-631.22	58.469
12	14	24	17	5161.89	0	7.15	30.27	5603.993	58.469
12	14	17	19	4710.43	0	7.49	81.6	-3339.672	58.469
12	14	19	21	4752.09	0	6.61	-1.26	-1123.068	58.469
12	14	21	23	7092.92	0	6.26	-103.88	-761.946	58.469
12	15	19	22	4334.83	0	13.43	-95.82	-790.204	17.817
12	15	22	20	4992.2	0	22.29	95	455.019	17.817
12	15	20	23	4964.37	0	11.24	-105.86	-575.886	17.817
12	15	23	21	5822.51	0	9.73	105.46	354.395	17.817
12	15	21	24	6774.02	0	10.5	-109.52	-533.577	17.817
13	15	17	19	3438.71	0	8.85	79.52	-1703.404	18.675
13	15	19	21	2832.16	0	3.12	-3.24	-350.735	18.675
13	15	21	23	4234.63	0	10.99	-103.8	-209.767	18.675
13	15	23	18	2821.04	0	6.7	14.85	908.331	18.675
13	15	18	20	2488.18	0	2.42	91.91	-563.45	18.675
13	15	20	22	3655.46	0	25.47	-97.28	-275.927	18.675
13	15	22	24	5090.58	0	-1.08	-13.66	-174.661	18.675
13	16	20	23	5364.75	0	18.13	-101.86	-648.967	11.823
13	16	23	21	6042.77	0	21.63	100.59	365.494	11.823
13	16	21	24	7006.59	0	11.24	-108.09	-539.369	11.823
14	16	18	20	6343.79	0	7.42	98.65	-1968.094	11.696
14	16	20	22	6059.92	0	17.92	-95.8	-470.007	11.696
14	16	22	24	7691.11	0	-1.09	-12.97	-238.609	11.696
14	16	24	19	6311.26	0	9.02	108.24	1272.701	11.696
14	16	19	21	5740.92	0	7.43	1.12	-814.199	11.696
14	16	21	23	6668.51	0	10.64	-101.63	-315.251	11.696
14	17	21	24	7055.85	0	11.22	-110.11	-899.339	12.458
15	17	19	21	9510.61	0	7.62	-3.75	-2123.906	8.419
15	17	21	23	6942.82	0	14.46	-105.89	-387.617	8.419
15	17	23	20	6860.75	0	8.91	105.17	842.678	8.419
15	17	20	22	7250.88	0	2.11	-96.75	-740.235	8.419
15	17	22	24	7049.58	0	11.52	-12.89	-239.895	8.419
16	18	20	22	12137.65	0	5.85	-93.33	-1929.348	5.992
16	18	22	24	6413.07	0	37.97	-15.93	-254.848	5.992
16	18	24	21	8898.74	0	13.34	112.07	777.978	5.992
16	18	21	23	8930.05	0	11	-103.48	-648.906	5.992
17	19	21	23	12604.43	0	6.92	-101	-2819.981	8.434
17	19	23	22	5722.15	0	-10.49	3.81	384.064	8.434
17	19	22	24	6527.09	0	2.1	-12.43	-667.566	8.434
18	20	22	24	8630.27	0	1.16	-11.51	-1800.568	7.865
24	22	20	18	8642.75	0	-0.14	-92.98	-1208.474	5.271
24	22	18	16	6374.77	0	51.75	11.43	-222.838	5.271
24	22	16	14	7753	0	-3.77	143.21	-108.406	5.271
24	22	14	12	8163.55	0	6.03	-159.12	-57.073	5.271
24	22	12	10	11155.18	0	27.5	138.02	-44.565	5.271
24	22	10	19	6844.95	0	5.01	-8.94	697.313	5.271
24	22	19	17	6494.27	0	1.45	-80.26	-415.114	5.271
24	22	17	15	7018.22	0	11.09	65.88	-149.535	5.271
24	22	15	13	5148.31	0	-3.86	51.89	-49.861	5.271
24	22	13	11	10504.34	0	24.35	-30.08	-54.779	5.271
24	21	17	14	7064.97	0	6.06	112.28	-469.586	6.496
24	21	14	11	8078.13	0	0	-24.39	-165.209	6.496
24	21	11	8	12791.31	0	18.47	-50.81	-114.45	6.496
24	21	8	16	8535.33	0	9.33	-67.88	534.587	6.496
24	21	16	13	7021.86	0	10.62	150.48	-297.005	6.496
24	21	13	10	12266.46	0	0.32	-27.4	-185.298	6.496
24	21	10	7	10105.16	0	4.61	-142.44	-71.835	6.496
24	21	7	15	8269.21	0	4.79	118.38	367.217	6.496
24	21	15	12	6777.79	0	9.81	-112.95	-194.66	6.496
24	21	12	9	10534.27	0	125.24	50.37	-121.019	6.496
24	21	9	6	12994.92	0	-204.8	-37.66	-74.37	6.473
24	20	13	9	10204.01	0	2.26	-108.53	-336.998	7.49
24	20	9	5	10445.43	0	3.64	-108.35	-127.095	7.49
24	20	5	1	10001.08	0	-4.29	20.82	-58.199	7.49
24	20	1	12	9955.38	0	0.09	33.05	385.841	7.49
24	20	12	8	9812.16	0	13.19	82.83	-243.676	7.49
24	20	8	4	10583.4	0	-44.83	-100.57	-105.131	7.49
24	20	4	11	11092.3	0	1.49	152.06	286.768	7.49
24	20	11	7	11081.66	0	5.4	-139.25	-212.524	7.49
24	20	7	3	11631.04	0	7.86	-36.74	-95.597	7.49
24	20	10	6	9897.79	0	7.9	-126.72	-149.513	7.474
24	20	6	2	8710.39	0	-33.2	-37.71	-59.808	7.474
23	21	19	17	12575.38	0	6.73	-93.73	-1926.914	5.777
23	21	17	15	6869.69	0	28.01	61.7	-263.159	5.777
23	21	15	13	4278.52	0	4.13	52.93	-65.559	5.777
23	21	13	11	9544.7	0	9.61	-31.07	-73.126	5.777
23	21	11	9	10715.81	0	26.74	-85.89	-46.914	5.777
23	21	9	18	8300.85	0	13.61	-43.85	926.693	5.777
23	21	18	16	8905.82	0	15.11	11.83	-623.831	5.777
23	21	16	14	6750.4	0	6.65	144.63	-157.616	5.777
23	21	14	12	7083.36	0	5.84	-157.46	-75.178	5.777
23	21	12	10	10457.77	0	12.68	135.29	-59.764	5.777
23	20	16	13	5417.62	0	8.89	151.43	-362.513	6.54
23	20	13	10	9571.95	0	3.92	-27.97	-197.075	6.54
23	20	10	7	8213.04	0	5.73	-142.66	-73.98	6.54
23	20	7	15	6220.66	0	5.77	118.76	392.233	6.54
23	20	15	12	4965.21	0	8.7	-109.61	-211.426	6.54
23	20	12	9	8492.42	0	-74.3	45.17	-129.15	6.54
23	20	9	6	10397.88	0	141.53	-38.09	-74.413	6.54
23	20	6	14	7604.38	0	5.74	150.42	339.964	6.54
23	20	14	11	6146.14	0	1.34	-25.2	-177.706	6.54
23	20	11	8	10295.46	0	-11.62	-51.17	-119.071	6.54
23	20	8	5	9858.14	0	10.27	-132.76	-56.815	6.518
23	19	12	8	8352.65	0	-24.44	80.87	-221.563	6.016
23	19	8	4	9181.2	0	88.7	-94.28	-89.726	6.016
23	19	4	11	9611.56	0	6.97	144.09	254.276	6.016
23	19	11	7	9505.25	0	5.46	-138.68	-189.595	6.016
23	19	7	3	10388.65	0	6.69	-36.92	-82.886	6.016
23	19	3	10	8814.69	0	5.98	180.4	183.034	6.016
23	19	10	6	8499.64	0	4.6	-128.12	-130.924	6.016
23	19	6	2	8721.17	0	14.88	-36.22	-57.573	6.016
23	19	2	9	9450.75	0	102.56	74.55	157.143	6.016
23	19	9	5	9452.08	0	134.66	-99.24	-114.916	6.016
23	19	5	1	9610.11	0	-44.11	24.26	-52.864	5.988
22	20	18	16	12197.73	0	5.32	1.43	-2396.243	7.406
22	20	16	14	6026.99	0	28.74	141.65	-296	7.406
22	20	14	12	6248.7	0	6.55	-153.54	-122.756	7.406
22	20	12	10	9779.48	0	-31.13	132.52	-96.059	7.406
22	20	10	8	8307.21	0	-60.19	-55.45	-46.627	7.406
22	20	8	17	6841.25	0	-0.47	-30.32	979.173	7.406
22	20	17	15	7191.72	0	1.76	62.53	-645.857	7.406
22	20	15	13	3648.34	0	26.55	53.16	-109.214	7.406
22	20	13	11	8747.32	0	-23.97	-32.56	-119.024	7.406
22	20	11	9	10491.45	0	112.79	-86.04	-76.869	7.406
22	19	15	12	4351.94	0	10.6	-106.56	-300.601	6.751
22	19	12	9	7978.33	0	0.23	40.69	-169.565	6.751
22	19	9	6	10429.78	0	11.29	-38.12	-96.979	6.751
22	19	6	14	6988.09	0	4.66	151.53	454.839	6.751
22	19	14	11	5540.44	0	-2.79	-25.32	-243.532	6.751
22	19	11	8	9932.27	0	-22.63	-52.25	-155.92	6.751
22	19	8	5	9499.06	0	78.04	-132.36	-70.174	6.751
22	19	5	13	8782.53	0	2.65	218.08	405.303	6.751
22	19	13	10	8886.44	0	-2.4	-28.93	-265.227	6.751
22	19	10	7	8068.21	0	5.98	-142.68	-96.322	6.751
22	19	7	4	10864.78	0	-57.5	2.84	-64.719	6.737
22	18	11	7	8813.76	0	4.62	-136.63	-191.58	4.929
22	18	7	3	10223.74	0	12.17	-39.58	-81.874	4.929
22	18	3	10	8367.04	0	6.71	180.98	181.384	4.929
22	18	10	6	7962.3	0	12.49	-129.02	-130.142	4.929
22	18	6	2	8568.66	0	-34.51	-34.6	-56.021	4.929
22	18	2	9	9224.12	0	-5.95	73.69	156.952	4.929
22	18	9	5	9185.72	0	3.89	-97.44	-115.944	4.929
22	18	5	1	9180.72	0	-1.48	21.61	-49.663	4.929
22	18	1	8	8945.74	0	37.6	110.98	121.888	4.929
22	18	8	4	9113.4	0	38.47	-86.47	-90.793	4.929
21	19	17	15	9448.43	0	7.13	60.08	-2279.777	9.096
21	19	15	13	2832.86	0	11.32	52.21	-170.883	9.096
21	19	13	11	6799.23	0	8.68	-33.22	-164.056	9.096
21	19	11	9	8727.33	0	-171.45	-86.43	-105.289	9.096
21	19	9	7	8387.96	0	327.62	-51.41	-57.826	9.096
21	19	7	16	5806.4	0	7.2	22.24	1020.732	9.096
21	19	16	14	5740.04	0	7.36	143.73	-633.14	9.096
21	19	14	12	4750.61	0	6.65	-151.05	-174.668	9.096
21	19	12	10	7637.68	0	7.53	128.68	-127.645	9.096
21	19	10	8	6981.88	0	-1.85	-55.81	-62.83	9.096
21	18	14	11	4260.7	0	8.5	-24.83	-263.23	6.038
21	18	11	8	8262.72	0	0.32	-52.96	-157.07	6.038
21	18	8	5	8037.89	0	12.78	-132.06	-66.848	6.038
21	18	5	13	7104.82	0	6.59	218.06	413.618	6.038
21	18	13	10	7066.38	0	7.16	-28.76	-277.815	6.038
21	18	10	7	6640.28	0	6.67	-142.39	-93.237	6.038
21	18	7	4	8929.65	0	8.79	1.12	-59.003	6.038
21	18	4	12	7164.91	0	7.55	13.9	295.746	6.038
21	18	12	9	6430.42	0	-75.27	36.57	-171.663	6.038
21	18	9	6	8784.38	0	154.34	-37.82	-93.801	6.038
21	18	6	3	8608.71	0	24.2	-48.63	-45.704	6.004
21	17	10	6	7844.33	0	5.66	-129.21	-248.195	7.175
21	17	6	2	8823.18	0	8.46	-34.82	-102.851	7.175
21	17	2	9	9285.17	0	61.21	72.55	292.998	7.175
21	17	9	5	9174.97	0	79.65	-95.54	-218.29	7.175
21	17	5	1	9651.5	0	3.96	21.74	-91.851	7.175
21	17	1	8	9159.34	0	7.4	111.09	226.858	7.175
21	17	8	4	9160.23	0	11.42	-84.09	-168.303	7.175
21	17	4	7	9942.32	0	7.53	-2.12	118.9	7.175
21	17	7	3	10541.91	0	3.84	-38.78	-152.876	7.175
20	18	16	14	6354.96	0	7.4	141.41	-1168.296	6.931
20	18	14	12	4022.35	0	5.44	-148.01	-184.868	6.931
20	18	12	10	6716.25	0	15.95	126.34	-123.472	6.931
20	18	10	8	6393.03	0	-39.92	-54.89	-58.765	6.931
20	18	8	6	8413.53	0	47.31	-73.78	-44.193	6.931
20	18	6	15	4141.54	0	5.79	105.5	554.72	6.931
20	18	15	13	2494.42	0	3.67	54.08	-209.634	6.931
20	18	13	11	5962.96	0	12.61	-34.1	-167.045	6.931
20	18	11	9	7725.7	0	-57.72	-86.49	-98.375	6.931
20	18	9	7	8068.79	0	121.89	-50.83	-55.324	6.931
20	17	13	10	7788.56	0	10.45	-27.29	-681.499	8.552
20	17	10	7	7190.08	0	2.89	-144.06	-193.579	8.552
20	17	7	4	10091.01	0	12.57	3.44	-118.86	8.552
20	17	4	12	7736.96	0	10.29	14.39	637.927	8.552
20	17	12	9	6880.14	0	-11.5	34	-383.099	8.552
20	17	9	6	9777.63	0	45.58	-37.52	-194.442	8.552
20	17	6	3	10182.76	0	10.2	-51.47	-95.293	8.552
20	17	3	11	9207.98	0	5.61	176.19	538.303	8.552
20	17	11	8	8865.49	0	-3.63	-50.09	-335.192	8.552
20	17	8	5	8953.06	0	27.97	-132.14	-135.401	8.552
20	17	5	2	10291.27	0	62.38	27.63	-77.634	8.532
20	16	9	5	9035.28	0	19.55	-93.41	-338.802	8.504
20	16	5	1	10062.74	0	-8.63	20.52	-139.016	8.504
20	16	1	8	9158.88	0	14.42	110.01	342.519	8.504
20	16	8	4	9007.45	0	45.43	-83.19	-253.978	8.504
20	16	4	7	9906.79	0	11.54	-2.43	179.062	8.504
20	16	7	3	10560.61	0	-7.89	-38.84	-229.954	8.504
20	16	3	6	10041.94	0	24.81	51.7	142.324	8.504
20	16	6	2	9357.74	0	37.82	-33.9	-160.826	8.504
19	17	15	13	3431.34	0	8.74	52.75	-703.807	7.733
19	17	13	11	7056.74	0	7.37	-36.6	-361.854	7.733
19	17	11	9	8510.85	0	5.69	-85.84	-174.567	7.733
19	17	9	7	9204.39	0	11.56	-49.79	-94.396	7.733
19	17	7	5	10057.92	0	1.76	-44.19	-58.943	7.733
19	17	5	14	5781.71	0	7.01	211.29	864.01	7.733
19	17	14	12	4681.93	0	7.25	-145.93	-439.002	7.733
19	17	12	10	7460.75	0	6.93	122.65	-233.186	7.733
19	17	10	8	6962.8	0	7.23	-56.1	-98.919	7.733
19	17	8	6	9666.39	0	7.58	-74.58	-73.946	7.733
19	16	12	9	6722.88	0	20.13	36.97	-529.122	7.692
19	16	9	6	9592.3	0	-18.62	-43.93	-232.295	7.692
19	16	6	3	10148.19	0	21.57	-51.47	-107.519	7.692
19	16	3	11	8810.29	0	7.24	175.52	653.407	7.692
19	16	11	8	8417.56	0	2.28	-48.32	-421.592	7.692
19	16	8	5	8718.35	0	13.68	-130.76	-155.949	7.692
19	16	5	2	10163.79	0	28.04	22.2	-85.555	7.692
19	16	2	10	7769.3	0	6.71	165.18	408.542	7.692
19	16	10	7	6595.51	0	16.71	-142.51	-224.302	7.692
19	16	7	4	10042.03	0	6.15	0.32	-136.605	7.692
19	16	4	1	9651.83	0	-66.28	-19.39	-65.235	7.644
19	15	8	4	11155.27	0	13.39	-85.37	-507.731	10.322
19	15	4	7	12371.08	0	3.74	-0.89	354.117	10.322
19	15	7	3	13175.3	0	0.44	-38.98	-450.925	10.322
19	15	3	6	12770.75	0	9.51	51.4	280.179	10.322
19	15	6	2	11487.65	0	6.13	-33.11	-303.621	10.322
19	15	2	5	12773.78	0	5.74	-21.95	219.75	10.322
19	15	5	1	12803.36	0	-16.9	22.68	-267.09	10.322
18	16	14	12	5400.01	0	9.08	-159.99	-770.445	5.379
18	16	12	10	7742.63	0	16.52	117.35	-276.169	5.379
18	16	10	8	6520.16	0	-15.56	-56.48	-93.026	5.379
18	16	8	6	9595.79	0	15.7	-74.42	-68.454	5.379
18	16	6	4	9211.03	0	87.38	-13.35	-37.548	5.379
18	16	4	13	8640.56	0	12.25	187.25	898.175	5.379
18	16	13	11	8471.6	0	11.44	-47.55	-552.54	5.379
18	16	11	9	8325.37	0	20.7	-86.55	-181.001	5.379
18	16	9	7	9131.72	0	1.92	-50.15	-90.242	5.379
18	16	7	5	10192.25	0	-39.69	-44.38	-54.235	5.379
18	15	11	8	15612.13	0	5.09	-46.65	-1040.92	6.517
18	15	8	5	11123.42	0	18.66	-132.25	-228.197	6.517
18	15	5	2	13648.32	0	4.48	22.68	-122.498	6.517
18	15	2	10	10482.19	0	5.24	165.03	658.567	6.517
18	15	10	7	9270.21	0	10.21	-142.09	-393.323	6.517
18	15	7	4	13111.72	0	5.09	-2.72	-198.684	6.517
18	15	4	1	12977.85	0	-51.01	-19.22	-92.544	6.517
18	15	1	9	12247.6	0	-3.2	71.59	545.582	6.517
18	15	9	6	12136.72	0	1.12	-38.12	-349.655	6.517
18	15	6	3	13619.24	0	11.09	-50.63	-156.946	6.517
18	14	7	3	12312.03	0	-2.57	-37.54	-458.991	8.454
18	14	3	6	11908.75	0	-9.06	48.55	279.207	8.454
18	14	6	2	10719.7	0	-0.09	-31.71	-300.502	8.454
18	14	2	5	12077.47	0	0.63	-22.16	217.028	8.454
18	14	5	1	12232.55	0	4.06	22.77	-264.812	8.454
17	15	13	11	31145.99	0	12.68	-74.77	-6629.136	8.024
17	15	11	9	17975.71	0	12.81	-89.75	-956.491	8.024
17	15	9	7	11950.78	0	6.15	-49.46	-254.361	8.024
17	15	7	5	12851.32	0	-11.52	-43.89	-136.764	8.024
17	15	5	3	16964.52	0	12.27	3.69	-103.164	8.024
17	15	3	12	17216.15	0	10.95	77.1	2669.703	8.024
17	15	12	10	20878.92	0	12.29	108.21	-2031.491	8.024
17	15	10	8	9674.48	0	2.7	-57.66	-313.771	8.024
17	15	8	6	11931.81	0	9.83	-75.75	-175.901	8.024
17	15	6	4	12466.2	0	31.16	-14.47	-98.958	8.024
17	14	10	7	9289.34	0	5.78	-157.53	-1019.213	10.724
17	14	7	4	11383.22	0	12.99	-11.72	-384.293	10.724
17	14	4	1	11691.22	0	3.35	-20.08	-172.677	10.724
17	14	1	9	10490.75	0	4.91	88.35	1084.625	10.724
17	14	9	6	10286.25	0	6	-49.41	-718.196	10.724
17	14	6	3	11781.48	0	4.57	-54.94	-293.783	10.724
17	14	3	8	10955.39	0	5.84	136.82	674.528	10.724
17	14	8	5	9902.44	0	5.34	-136.93	-469.467	10.724
17	14	5	2	12157.16	0	-3.37	18.73	-230.545	10.724
17	13	6	2	8356.7	0	-18.19	-28.09	-387.943	10.528
17	13	2	5	9628.07	0	-25.79	-25.91	281.098	10.528
17	13	5	1	9670.94	0	4.85	23.54	-337.592	10.528
16	14	12	10	23861.86	0	11.92	94.93	-7034.862	11.114
16	14	10	8	10299.7	0	19.27	-59.81	-759.129	11.114
16	14	8	6	10948.68	0	3.6	-75.56	-322.785	11.114
16	14	6	4	10899.77	0	-43.25	-14.71	-160.671	11.114
16	14	4	2	11618.4	0	30.47	-16.12	-97.865	11.114
16	14	2	11	17775.29	0	8.87	162.6	3818.037	11.114
16	14	11	9	21852.69	0	8.81	-90.42	-2945.155	11.114
16	14	9	7	10078.28	0	8.95	-49.26	-452.76	11.114
16	14	7	5	11501.83	0	28.43	-44.13	-234.869	11.114
16	14	5	3	15474.92	0	-3.22	3.5	-170.154	11.114
16	13	9	6	7266.03	0	14.51	-36	-817.094	10.991
16	13	6	3	8911.57	0	0.26	-50.06	-308.351	10.991
16	13	3	8	8212.2	0	1.6	124.16	745.9	10.991
16	13	8	5	7403.81	0	2.82	-126.82	-529.829	10.991
16	13	5	2	9352.78	0	-9.46	22.48	-239.036	10.991
16	13	2	7	8682.26	0	9.06	20.89	547.899	10.991
16	13	7	4	8603.7	0	4.83	-4.04	-418.064	10.991
16	13	4	1	9425.95	0	40.21	-14.7	-183.207	10.991
16	12	5	1	9183.54	0	-1.36	26.98	-436.568	10.781
15	13	11	9	14405.56	0	8.06	-94.99	-7290.904	19.08
15	13	9	7	4899.36	0	33.3	-55.19	-619.912	19.08
15	13	7	5	6143.38	0	22.86	-43.48	-310.928	19.08
15	13	5	3	7944.12	0	1.94	3.73	-201.033	19.08
15	13	3	1	4886.19	0	172.65	19.62	-70.657	19.08
15	13	1	10	6405.99	0	13.78	166.55	2362.162	19.08
15	13	10	8	6643.26	0	11.74	-59.18	-1537.037	19.08
15	13	8	6	6054.96	0	4.41	-75.97	-466.974	19.08
15	13	6	4	5258.76	0	-28.45	-15.69	-184.35	19.08
15	13	4	2	6544.76	0	43.13	-15.07	-123.54	19.08
15	12	8	5	6068.24	0	3.21	-124.91	-1119.155	18.026
15	12	5	2	7015.43	0	8.2	22.15	-398.106	18.026
15	12	2	7	6721.06	0	10.62	19.62	1001.178	18.026
15	12	7	4	6585.4	0	6.65	-4.04	-772.886	18.026
15	12	4	1	7911.9	0	55.2	-13.6	-331.631	18.026
15	12	1	6	6336.63	0	21.48	28.89	655.81	18.026
15	12	6	3	6505.45	0	1.62	-47.72	-518.427	18.026
14	12	10	8	8651.33	0	9.34	-54.04	-13452.773	58.622
14	12	8	6	6037.09	0	8.3	-76.57	-2346.909	58.622
14	12	6	4	4651.1	0	7.02	-14.49	-723.245	58.622
14	12	4	2	6718.31	0	8.5	-14.48	-522.347	58.622
14	12	2	9	4980.61	0	7.92	65.39	5421.38	58.622
14	12	9	7	4364.18	0	7.57	-44.54	-3102.295	58.622
14	12	7	5	5993.17	0	8.36	-42.13	-1420.09	58.622
14	12	5	3	7658.92	0	7.58	3.41	-824.907	58.622
14	12	3	1	5641.89	0	11.55	20.53	-327.202	58.622
14	11	7	4	4280.2	0	20.28	-5.64	-614.947	14.042
14	11	4	1	5982.71	0	-28.15	-15.79	-264.477	14.042
14	11	1	6	4352.57	0	12.52	30.02	505.085	14.042
14	11	6	3	4316.74	0	17.97	-49.53	-394.67	14.042
14	11	3	5	5781.71	0	17.61	-1.69	277.357	14.042
14	11	5	2	4871.71	0	30.69	22.18	-302.439	14.042
13	11	9	7	3372.95	0	9.4	-49.17	-1261.709	14.102
13	11	7	5	4250.31	0	-3.98	-45.56	-397.475	14.102
13	11	5	3	5799.15	0	19.9	1.92	-216.928	14.102
13	11	3	1	4671.52	0	-10.45	20.7	-87.373	14.102
13	11	1	8	4194.49	0	11.49	109.26	1098.316	14.102
13	11	8	6	4108.47	0	10.36	-78.62	-702.558	14.102
13	11	6	4	3325.49	0	50.72	-15.7	-189.555	14.102
13	11	4	2	5359.99	0	8.73	-14.64	-138.874	14.102
13	10	6	3	3519.72	0	23.34	-48.83	-450.4	12.507
13	10	3	5	4966.22	0	24.65	-2.72	317.751	12.507
13	10	5	2	4251.91	0	29.12	20.71	-346.242	12.507
13	10	2	4	4981.49	0	8.2	15.74	212.843	12.507
13	10	4	1	5878.53	0	-9.95	-13.26	-325.044	12.507
12	10	8	6	5331.2	0	9.93	-78.61	-1696.359	11.996
12	10	6	4	1969.83	0	61.92	-16.31	-156.697	11.996
12	10	4	2	4071.2	0	7.56	-14.26	-129.544	11.996
12	10	2	7	3563.77	0	28.12	23.59	737.082	11.996
12	10	7	5	3652.45	0	21.83	-43.42	-531.286	11.996
12	10	5	3	3951.68	0	23.2	1.55	-191.604	11.996
12	10	3	1	3897.49	0	-6.8	21.31	-85.899	11.996
12	9	5	2	4399.07	0	71.08	25.06	-163.745	3.638
12	9	2	4	4095.78	0	123.87	10.89	76.228	3.638
12	9	4	1	4453.25	0	-2.39	-11.4	-105.485	3.638
11	9	7	5	5373.27	0	8.33	-40.84	-423.997	2.975
11	9	5	3	5618.97	0	-12.94	1	-110.846	2.975
11	9	3	1	3284.84	0	39.78	21.62	-25.92	2.975
11	9	1	6	3922.29	0	6.99	27.49	201.176	2.975
11	9	6	4	3591.96	0	4.36	-14.32	-129.571	2.975
11	9	4	2	4602.9	0	33.47	-12.87	-55.346	2.975
11	8	4	1	3954.3	0	20.36	-10.71	-276.259	6.828
10	8	6	4	2470.52	0	-9.21	-13.92	-417.553	6.372
10	8	4	2	3635.25	0	12.89	-16.48	-153.603	6.372
10	8	2	5	3575.29	0	-5.11	-19.45	332.351	6.372
10	8	5	3	3880.78	0	0.68	0.89	-299.844	6.372
10	8	3	1	2558.86	0	22.33	22.2	-65.902	6.372
9	7	5	3	3947.45	0	-3.85	2	-304.839	2.911
9	7	3	1	2328.97	0	60.98	20.55	-44.963	2.911
9	7	1	4	3350.08	0	-1	12.32	142.289	2.911
9	7	4	2	3421.78	0	-4.66	-12.13	-120.797	2.911
8	6	4	2	12241.2	0	6.12	-10.8	-2784.386	8.575
8	6	2	3	4986.59	0	-8.32	-22.84	340.275	8.575
8	6	3	1	4442.62	0	3.59	23.03	-461.952	8.575
7	5	3	1	4980.52	0	3.39	26	-1142.208	8.646
