Spa.1	Spa.2	Spa.3	Spa.4	Rho	Dev.	M	Sp	Vp	In
1	3	5	7	4494.02	0	5	50.31	-684.649	5.743
1	3	7	9	2358.09	0	-6.23	-9.17	-89.812	5.743
1	3	9	11	2816.23	0	15.54	19.93	-42.904	5.743
1	3	11	13	4794.35	0	-15.87	-25	-36.52	5.743
1	3	13	15	3382.07	0	768.42	87.44	-14.721	5.743
1	3	15	6	3741.42	0	31.69	-106.77	415.281	5.743
1	3	6	8	4080.6	0	1.57	10.86	-284.19	5.743
1	3	8	10	2409.66	0	66.52	135.78	-55.939	5.743
1	3	10	12	3799.68	0	-68.35	-151.7	-40.095	5.743
1	3	12	14	5314.64	0	16.28	-43.66	-30.197	5.743
1	4	8	11	3908.62	0	15.18	37.2	-203.579	5.091
1	4	11	14	6330.09	0	-5.82	-96.03	-101.446	5.091
1	4	14	17	10919.02	0	20.88	177.63	-76.558	5.091
1	4	17	9	5963.29	0	7.23	-102.85	292.677	5.091
1	4	9	12	4482.14	0	-1.22	-28.98	-148.56	5.091
1	4	12	15	7031.41	0	179.45	111.67	-83.234	5.091
1	4	15	18	13769.6	0	-150.16	38.29	-76.704	5.091
1	4	18	10	7086.39	0	-4.22	-0.06	246.598	5.091
1	4	10	13	5856.16	0	-29.99	-124.67	-131.797	5.091
1	4	13	16	8739.29	0	166.19	26.87	-78.674	5.091
1	4	16	19	10605.28	0	-274.69	63.43	-47.423	5.057
1	5	12	16	8866.39	0	-11.97	52.81	-303.178	7.755
1	5	16	20	10220.57	0	44.58	62.82	-128.757	7.755
1	5	20	24	9616.68	0	-23.63	-12.69	-57.941	7.755
1	5	24	13	9676.04	0	0.44	-78.31	388.277	7.755
1	5	13	17	9480.34	0	-7.98	108.98	-243.761	7.755
1	5	17	21	9583.71	0	12.85	-3.78	-98.568	7.755
1	5	21	14	10852.51	0	-4.35	-173.11	290.491	7.755
1	5	14	18	11662.89	0	-19.36	193.5	-231.581	7.755
1	5	18	22	9577.96	0	-20.41	-39.44	-81.507	7.755
1	5	15	19	13623.98	0	-58.47	3.84	-212.714	7.725
1	5	19	23	8972.37	0	46.47	29.29	-63.676	7.725
2	4	6	8	13084.24	0	5.02	-29.04	-1000.914	2.884
2	4	8	10	3644.26	0	19.37	130.13	-69.694	2.884
2	4	10	12	4043.57	0	146.6	-143.18	-30.932	2.884
2	4	12	14	7022.38	0	8	-46.95	-26.86	2.884
2	4	14	16	11767.4	0	-189.02	93.45	-25.719	2.884
2	4	16	7	4436.01	0	0.66	-8.6	247.237	2.884
2	4	7	9	3740.59	0	5.65	-7.07	-130.81	2.884
2	4	9	11	4575.16	0	55.04	15.76	-53.332	2.884
2	4	11	13	5372.66	0	34.77	-23.68	-28.467	2.884
2	4	13	15	6135.63	0	-122.51	84.46	-17.505	2.884
2	5	9	12	4453.65	0	44.5	-28.06	-161.97	3.555
2	5	12	15	6799.29	0	-122.53	104.74	-76.085	3.555
2	5	15	18	14590.61	0	-41.52	38.32	-71.431	3.555
2	5	18	10	5992.5	0	-8.73	0.49	205.361	3.555
2	5	10	13	4088.85	0	108.27	-121.61	-94.629	3.555
2	5	13	16	9667.87	0	-180.94	24.45	-79.909	3.555
2	5	16	19	9742.33	0	360.39	60.38	-37.894	3.555
2	5	19	11	7004.55	0	9.39	-60.98	170.197	3.555
2	5	11	14	4545.22	0	43.9	-91.85	-71.426	3.555
2	5	14	17	12192.47	0	-91.81	175.65	-76.64	3.555
2	5	17	20	11324.01	0	96.4	-14.69	-35.596	3.555
2	6	13	17	8624.71	0	-107.16	107.27	-141.953	3.733
2	6	17	21	8067.22	0	228.76	-6.13	-48.918	3.733
2	6	21	14	9929.82	0	-30	-168.93	162.996	3.733
2	6	14	18	10772.58	0	-108.88	189.31	-133.324	3.733
2	6	18	22	9117.81	0	-51.65	-39.12	-45.138	3.733
2	6	22	15	11567.92	0	-33	2.44	149.041	3.733
2	6	15	19	11975.36	0	91.28	0.89	-114.455	3.733
2	6	19	23	9927.76	0	-54.25	28.46	-40.665	3.733
2	6	23	16	9274.31	0	163.6	-88.61	95.683	3.733
2	6	16	20	9179.63	0	304.42	63.86	-69.248	3.733
2	6	20	24	9701.17	0	-299.99	-6.67	-33.018	3.705
3	5	7	9	4604.1	0	2.95	-0.92	-879.694	7.203
3	5	9	11	5715.01	0	32.05	12.64	-272.988	7.203
3	5	11	13	5285.48	0	21.04	-21.88	-100.988	7.203
3	5	13	15	7450.46	0	-87.81	82.56	-71.177	7.203
3	5	15	17	18032.04	0	36.69	23.14	-98.438	7.203
3	5	17	8	5033.7	0	1.12	-117.69	700.723	7.203
3	5	8	10	3989.82	0	-13.37	133.73	-348.492	7.203
3	5	10	12	3904.66	0	69.97	-138.42	-113.684	7.203
3	5	12	14	7959.32	0	6.9	-47.05	-105.335	7.203
3	5	14	16	15092.93	0	-85.41	88.27	-107.553	7.203
3	6	10	13	3473.03	0	44.26	-119.36	-287.313	8.086
3	6	13	16	9119.16	0	-61.32	22.47	-232.123	8.086
3	6	16	19	10161.43	0	139.33	61.72	-113.161	8.086
3	6	19	11	6411.29	0	9.16	-61.4	499.787	8.086
3	6	11	14	4019.38	0	18.94	-88.18	-211.598	8.086
3	6	14	17	11576.56	0	-20.1	170.17	-217.658	8.086
3	6	17	20	10724.95	0	73.46	-15.95	-94.892	8.086
3	6	20	12	8663.91	0	7.01	-104.23	478.867	8.086
3	6	12	15	6248.39	0	-49.45	98.83	-223.356	8.086
3	6	15	18	14400.79	0	17.78	38.94	-205.91	8.086
3	6	18	21	9694.08	0	-12.74	-13.97	-69.015	8.052
3	7	14	18	11817.51	0	-17.51	188.8	-291.122	5.587
3	7	18	22	10574.4	0	57.75	-41.7	-95.973	5.587
3	7	22	15	13129.77	0	-3.05	0.92	322.585	5.587
3	7	15	19	13877.76	0	-1.28	2.72	-257.074	5.587
3	7	19	23	10475	0	1.73	23.71	-77.616	5.587
3	7	23	16	10683.42	0	-4.96	-84.75	206.021	5.587
3	7	16	20	10900.13	0	-3.97	64.3	-155.929	5.587
3	7	20	24	11162.29	0	-1.52	-14.59	-68.434	5.587
3	7	24	17	11266.83	0	11.04	29.67	173.983	5.587
3	7	17	21	10604.04	0	10.69	-1.32	-119.73	5.587
4	6	8	10	2689.09	0	-29.71	125.54	-497.421	6.973
4	6	10	12	1759.3	0	229.82	-134.95	-81.358	6.973
4	6	12	14	4734.86	0	2.12	-51.78	-87.584	6.973
4	6	14	16	11052.37	0	-215.33	87.37	-102.222	6.973
4	6	16	18	8654.43	0	248.89	97.09	-45.739	6.973
4	6	18	9	4271.96	0	-6.02	-110.49	575.729	6.973
4	6	9	11	3870.19	0	9.31	15.87	-327.268	6.973
4	6	11	13	2475.64	0	48.01	-21.32	-69.781	6.973
4	6	13	15	5053.97	0	-242.27	79.56	-64.753	6.973
4	6	15	17	13044.13	0	121.88	19.54	-89.991	6.973
4	7	11	14	4241.06	0	11.83	-87.63	-217.325	5.008
4	7	14	17	10894.28	0	-6.55	165.18	-171.771	5.008
4	7	17	20	10496.32	0	38.99	-14.44	-72.405	5.008
4	7	20	12	8212.05	0	6.29	-97.21	396.533	5.008
4	7	12	15	6093.66	0	-10.56	93.88	-198.71	5.008
4	7	15	18	13629.31	0	3.12	37.8	-158.729	5.008
4	7	18	21	8968.16	0	50.73	-19.16	-49.15	5.008
4	7	21	13	8896.13	0	1.35	-97.18	304.572	5.008
4	7	13	16	8488.75	0	-21.9	19.93	-187.958	5.008
4	7	16	19	9956.79	0	63.45	62.94	-88.186	5.008
4	7	19	22	11138.86	0	-185.61	2.75	-49.141	4.989
4	8	15	19	11299.97	0	50.9	4.61	-192.554	3.864
4	8	19	23	9289.21	0	99.33	17.82	-58.317	3.864
4	8	23	16	8908.48	0	120.58	-81.34	151.397	3.864
4	8	16	20	8812.18	0	154.42	62.95	-112.914	3.864
4	8	20	24	10097.56	0	-106.83	-13.4	-51.754	3.864
4	8	24	17	9553.12	0	27.9	29.15	127.43	3.864
4	8	17	21	8837.19	0	31.94	-0.43	-87.445	3.864
4	8	21	18	8031.27	0	117.71	19.49	51.727	3.864
4	8	18	22	8932.65	0	280.36	-36.26	-69.765	3.864
5	7	9	11	5671.35	0	5.18	17.61	-1155.094	7.678
5	7	11	13	4333.09	0	1.22	-20.35	-220.632	7.678
5	7	13	15	5402.76	0	93.47	78.68	-110.039	7.678
5	7	15	17	13725.44	0	-48.12	18.4	-139.774	7.678
5	7	17	19	10439.09	0	-32.21	-13.78	-60.747	7.678
5	7	19	10	5203.14	0	14.86	34.82	772.091	7.678
5	7	10	12	3619.25	0	25.79	-128.98	-336.978	7.678
5	7	12	14	5927.14	0	9.15	-53.99	-183.953	7.678
5	7	14	16	10607.35	0	94.96	84.97	-149.639	7.678
5	7	16	18	10044	0	-107.1	97.55	-76.296	7.678
5	8	12	15	5535.17	0	12.74	90.84	-296.391	5.234
5	8	15	18	11535.25	0	-29.05	35.94	-190.054	5.234
5	8	18	21	7978.56	0	68.3	-19.3	-57.511	5.234
5	8	21	13	7482.64	0	3.34	-94.71	377.556	5.234
5	8	13	16	7026.7	0	-7.66	18.44	-239.437	5.234
5	8	16	19	8669.37	0	31.18	63.74	-105.504	5.234
5	8	19	22	8742.35	0	441.85	-3.69	-50.067	5.234
5	8	22	14	9030.85	0	71.2	-143.72	323.085	5.234
5	8	14	17	9103.85	0	-7.37	162.13	-210.641	5.234
5	8	17	20	8949.52	0	94.24	-14.93	-82.828	5.234
5	8	20	23	7491.79	0	266.91	23.11	-34.278	5.175
5	9	16	20	9142.77	0	34.85	64.26	-165.32	4.101
5	9	20	24	10629.52	0	-124.66	-16.02	-70.812	4.101
5	9	24	17	9803.92	0	13.05	30.93	176.801	4.101
5	9	17	21	8844.15	0	194.86	-1.26	-120.253	4.101
5	9	21	18	8047.46	0	347.69	20.56	70.141	4.101
5	9	18	22	9313.59	0	8.96	-37.63	-97.794	4.101
5	9	22	19	9584.53	0	-39.78	6.27	65.505	4.101
5	9	19	23	9025.05	0	139.28	16.28	-74.796	4.101
6	8	10	12	5759.97	0	11.62	-126.89	-854.408	5.592
6	8	12	14	5969.63	0	5.98	-55.88	-221.377	5.592
6	8	14	16	9598.16	0	10.33	81.68	-142.375	5.592
6	8	16	18	9260.52	0	-37.31	96.69	-68.683	5.592
6	8	18	20	8947.38	0	209.72	-31.91	-37.92	5.592
6	8	20	11	6028.18	0	14.74	-60.05	651.483	5.592
6	8	11	13	4976.59	0	6.74	-19.13	-337.465	5.592
6	8	13	15	5261.52	0	4.44	75.83	-118.929	5.592
6	8	15	17	12278.7	0	-3.09	18.76	-126.155	5.592
6	8	17	19	9409.72	0	28.27	-12.75	-52.058	5.592
6	9	13	16	6795.62	0	55.66	17.93	-296.219	4.26
6	9	16	19	9986.69	0	-109.84	62.79	-133.944	4.26
6	9	19	22	9967.05	0	-16.55	-5.21	-58.485	4.26
6	9	22	14	9666.46	0	0.66	-140.4	397.049	4.26
6	9	14	17	9531.12	0	-0.24	159.99	-264.383	4.26
6	9	17	20	9871.45	0	85.06	-14.39	-97.794	4.26
6	9	20	23	9559.75	0	105.8	16.38	-44.568	4.26
6	9	23	15	11429.3	0	27.61	-19.89	332.857	4.26
6	9	15	18	12488.04	0	-15.84	35.86	-235.213	4.26
6	9	18	21	8468.8	0	372.08	-17.96	-63.804	4.26
6	9	21	24	11760.26	0	-299.99	-24.68	-43.471	4.181
6	10	17	21	7765.53	0	8.56	-0.77	-246.907	7.211
6	10	21	18	7472.35	0	-22.99	17.8	149.419	7.211
6	10	18	22	8169.99	0	12.47	-35.77	-195.332	7.211
6	10	22	19	8373.8	0	92.94	5.56	128.337	7.211
6	10	19	23	8311.49	0	17.25	14.84	-153.457	7.211
6	10	23	20	8082.71	0	44.78	-15.13	97.135	7.211
6	10	20	24	9109.96	0	30.49	-14.06	-132.758	7.211
7	9	11	13	3056.71	0	8.53	-27.18	-274.999	3.392
7	9	13	15	4330.79	0	-22.94	73.62	-97.406	3.392
7	9	15	17	12355.36	0	4.73	19.05	-111.156	3.392
7	9	17	19	9055.45	0	61.01	-13.64	-40.734	3.392
7	9	19	21	6941.66	0	999.99	12.63	-17.843	3.392
7	9	21	12	6058.43	0	50.96	-94.96	397.109	3.392
7	9	12	14	4478.77	0	6.06	-60.89	-184.199	3.392
7	9	14	16	8999.2	0	-15.87	79.38	-123.371	3.392
7	9	16	18	9104.55	0	-34.42	95.86	-56.734	3.392
7	9	18	20	8120.25	0	381.61	-32.15	-27.246	3.392
7	10	14	17	8880.61	0	10.39	159.68	-460.738	5.071
7	10	17	20	7489.45	0	-6.84	-17.22	-119.558	5.071
7	10	20	23	7459.62	0	24.2	15.81	-52.098	5.071
7	10	23	15	9136.55	0	5.69	-18.06	446.67	5.071
7	10	15	18	9943.25	0	12.08	36.09	-328.28	5.071
7	10	18	21	6937.43	0	-17.52	-19.23	-81.801	5.071
7	10	21	24	10148.3	0	-3.2	-28.33	-56.311	5.071
7	10	24	16	7239.01	0	0.42	-47.86	250.925	5.071
7	10	16	19	6641.79	0	-4.55	64.18	-148.895	5.071
7	10	19	22	7818.23	0	39.19	-2.98	-70.107	5.071
7	11	18	22	8425.18	0	-32.89	-28.41	-295.36	7.95
7	11	22	19	9047.88	0	-80.25	-2.69	199.483	7.95
7	11	19	23	8698.45	0	0.67	15.55	-229.301	7.95
7	11	23	20	8663.44	0	-9.81	-15.42	146.396	7.95
7	11	20	24	9813.16	0	-4.63	-12.95	-199.769	7.95
8	10	12	14	9511.46	0	10.25	-78.81	-964.058	3.821
8	10	14	16	9965.8	0	51.63	74.68	-252.527	3.821
8	10	16	18	6468.13	0	-39.35	95.2	-65.559	3.821
8	10	18	20	7788.81	0	-296.73	-31.88	-39.473	3.821
8	10	20	22	7150.47	0	-299.99	-2.43	-20.707	3.821
8	10	22	13	7740.83	0	-18.56	-65.81	571.631	3.821
8	10	13	15	6738.57	0	31.64	68.71	-312.231	3.821
8	10	15	17	10941.66	0	-13.43	15.99	-168.993	3.821
8	10	17	19	7342.9	0	-66.94	-14.23	-51.55	3.821
8	10	19	21	6836.23	0	59.06	11.6	-25.843	3.821
8	11	15	18	16406.51	0	-12.06	38.72	-877.031	5.225
8	11	18	21	7465.67	0	151.75	-24.79	-122.796	5.225
8	11	21	24	11956.28	0	8.78	-27.21	-86.038	5.225
8	11	24	16	8393.33	0	5.4	-46.95	422.791	5.225
8	11	16	19	7795.5	0	2.77	64.3	-265.185	5.225
8	11	19	22	9219.59	0	-212.09	-3.47	-112.01	5.225
8	11	22	17	8644.87	0	-94.65	17.82	259.328	5.225
8	11	17	20	8446.49	0	-32.06	-15.53	-195.1	5.225
8	11	20	23	8908.5	0	-52.93	16.12	-82.309	5.225
8	12	19	23	8589.55	0	-94.71	16.92	-228.808	6.041
8	12	23	20	8712.05	0	-116.06	-18.43	145.951	6.041
8	12	20	24	9607.33	0	31.7	-13.72	-192.439	6.041
9	11	13	15	14090.31	0	4.57	61.43	-1484.246	3.971
9	11	15	17	19065.25	0	30.71	13.38	-502.074	3.971
9	11	17	19	7681.08	0	-11.44	-12.97	-80.911	3.971
9	11	19	21	7919.01	0	-299.99	10.63	-41.709	3.971
9	11	21	23	8935.79	0	472.9	2.81	-26.894	3.971
9	11	23	14	15242.83	0	1.21	-146.78	1169.831	3.971
9	11	14	16	19827.12	0	5.12	70.23	-954.766	3.971
9	11	16	18	7211.02	0	82.05	94.71	-115.748	3.971
9	11	18	20	7870.1	0	-166.42	-32.36	-57.421	3.971
9	11	20	22	8357.29	0	295.38	-1.29	-32.833	3.971
9	12	16	19	7083.22	0	24.81	69.3	-317.525	4.381
9	12	19	22	8032.14	0	41.37	-7.82	-110.789	4.381
9	12	22	17	7582.87	0	2.06	17.59	274.553	4.381
9	12	17	20	7426	0	-31.42	-14.33	-211.84	4.381
9	12	20	23	8054.05	0	-63.34	14.72	-82.056	4.381
9	12	23	18	7493.62	0	-63.37	17.68	188.509	4.381
9	12	18	21	6871.5	0	-176.21	-20.16	-133.101	4.381
9	12	21	24	11621.29	0	256.44	-31.12	-90.042	4.381
9	13	20	24	9992.08	0	-18.17	-10.57	-189.776	4.307
10	12	14	16	22254.64	0	5.49	64.66	-5484.293	9.29
10	12	16	18	8158.28	0	54.94	90.99	-502.618	9.29
10	12	18	20	7526.55	0	90.25	-31.1	-185.48	9.29
10	12	20	22	9605.9	0	-145.18	-1.72	-118.361	9.29
10	12	22	24	10498.82	0	197.17	-14.75	-73.922	9.29
10	12	24	15	18590.75	0	16.38	21.47	3337.866	9.29
10	12	15	17	24496.28	0	16.54	10.97	-2759.638	9.29
10	12	17	19	8016.86	0	27.19	-12.78	-301.047	9.29
10	12	19	21	7562.04	0	-23.93	9.25	-129.076	9.29
10	12	21	23	11296.78	0	20.23	3.21	-103.829	9.29
10	13	17	20	8287.94	0	13.5	-11.66	-774.712	9.136
10	13	20	23	8981.33	0	-1.08	12.87	-258.316	9.136
10	13	23	18	8056.44	0	22.74	17.01	608.251	9.136
10	13	18	21	7175.61	0	28.25	-19.32	-426.833	9.136
10	13	21	24	12635.02	0	15.98	-27.44	-268.421	9.136
10	13	24	19	9582.91	0	4.73	18.23	502.671	9.136
10	13	19	22	9091.9	0	-42.33	-0.83	-367.224	9.136
11	13	15	17	28036.45	0	13.75	0.09	-15013.909	20.188
11	13	17	19	17715.95	0	20.35	161.28	-2371.783	20.188
11	13	19	21	7171.04	0	1.71	10.54	-384.02	20.188
11	13	21	23	10667.34	0	7.1	3.5	-285.625	20.188
11	13	23	16	8740.84	0	11.24	-82.89	3276.588	20.188
11	13	16	18	9260.05	0	10.26	97.51	-2266.918	20.188
11	13	18	20	7334.87	0	24.28	-28.33	-598.54	20.188
11	13	20	22	8810.06	0	-30.97	-1.17	-326.782	20.188
11	13	22	24	11442.72	0	49.75	-13.72	-228.54	20.188
11	14	18	21	4862.57	0	6.56	-15.21	-968.669	19.47
11	14	21	24	9142.04	0	21.15	-28.74	-560.363	19.47
11	14	24	19	6660.09	0	6.31	16.1	1071.606	19.47
11	14	19	22	6084.34	0	-6.19	-1.29	-771.309	19.47
11	14	22	20	6417.97	0	-20.11	1.32	426.89	19.47
11	14	20	23	6366.8	0	-0.6	16.65	-548.042	19.47
12	14	16	18	6374.47	0	12.22	98.45	-7425.927	43.918
12	14	18	20	4764.44	0	2.79	-34.7	-1387.581	43.918
12	14	20	22	5985.14	0	10.34	-0.95	-697.239	43.918
12	14	22	24	8366.83	0	3.32	-14.68	-487.346	43.918
12	14	24	17	5646.57	0	7.47	32.56	4604.574	43.918
12	14	17	19	5337.18	0	7.76	-13.73	-2842.304	43.918
12	14	19	21	4792.13	0	7.1	9.51	-850.679	43.918
12	14	21	23	7656.89	0	6.9	4.1	-617.827	43.918
12	15	19	22	3857.22	0	112.17	-0.4	-286.912	7.27
12	15	22	20	3935.86	0	232.95	-2.24	146.381	7.27
12	15	20	23	4251.86	0	38.23	13.32	-201.261	7.27
12	15	23	21	5585.15	0	7.19	-1.49	138.714	7.27
12	15	21	24	6448.01	0	3.22	-27.15	-207.245	7.27
13	15	17	19	3201	0	3.26	-39.6	-636.224	7.493
13	15	19	21	2490.3	0	12.68	3.21	-123.742	7.493
13	15	21	23	3916.64	0	7.51	-0.2	-77.846	7.493
13	15	23	18	2630.21	0	-23.03	30.99	339.804	7.493
13	15	18	20	2489.57	0	-65.83	-39.95	-226.205	7.493
13	15	20	22	2847.55	0	230.29	-4.3	-86.243	7.493
13	15	22	24	4816.46	0	-190.76	-16.15	-66.307	7.493
13	16	20	23	4787.34	0	81.32	19.73	-227.061	4.636
13	16	23	21	5997.35	0	75.14	-6.65	142.226	4.636
13	16	21	24	7144.52	0	2.66	-26.72	-215.639	4.636
14	16	18	20	8313.56	0	-4.86	-22.59	-1022.477	4.637
14	16	20	22	5319.06	0	112.75	-0.63	-163.547	4.637
14	16	22	24	7850.2	0	-146.44	-15.07	-96.549	4.637
14	16	24	19	6362.24	0	12.91	16.37	508.616	4.637
14	16	19	21	5785.85	0	19.79	11.77	-325.302	4.637
14	16	21	23	6608.31	0	6.97	4.36	-123.848	4.637
14	17	21	24	7122.66	0	25.75	-24.37	-420.675	5.773
15	17	19	21	9847.5	0	-1.93	11.74	-954.809	3.655
15	17	21	23	7558.02	0	47.21	-0.09	-183.205	3.655
15	17	23	20	6295.08	0	7.79	-12.66	335.702	3.655
15	17	20	22	6626.36	0	-37.01	0.11	-293.709	3.655
15	17	22	24	6846.75	0	68.73	-16.1	-101.159	3.655
16	18	20	22	13334.56	0	-10.57	5.81	-723.824	2.046
16	18	22	24	6844.13	0	236.52	-22.47	-92.878	2.046
16	18	24	21	11743.28	0	51.65	29.36	350.595	2.046
16	18	21	23	12369.87	0	34.52	4.19	-306.953	2.046
17	19	21	23	18286.67	0	3.72	3.67	-2128.231	4.387
17	19	23	22	6782.95	0	-79.5	-15.79	236.823	4.387
17	19	22	24	7569.54	0	-14.69	-16.98	-402.722	4.387
18	20	22	24	12901.06	0	-24.78	-2.06	-886.281	2.59
24	22	20	18	12696.81	0	-24.03	4.64	-852.403	2.531
24	22	18	16	6869	0	296.37	-51.38	-115.288	2.531
24	22	16	14	7845.5	0	-127.9	41.27	-52.671	2.531
24	22	14	12	8334.75	0	2.24	-2.04	-27.978	2.531
24	22	12	10	10422.16	0	185.56	26.49	-19.991	2.531
24	22	10	19	7415.54	0	-4.9	19.98	362.715	2.531
24	22	19	17	7580.01	0	-25.2	-24.37	-232.634	2.531
24	22	17	15	6731.49	0	66.3	25.33	-68.864	2.531
24	22	15	13	5044.11	0	-177.97	-26.12	-23.455	2.531
24	22	13	11	11133.42	0	47.96	-38.88	-27.877	2.531
24	21	17	14	7137.81	0	4.77	-18.53	-245.074	3.356
24	21	14	11	9087.19	0	6.47	-20.83	-96.002	3.356
24	21	11	8	11854.36	0	11.24	-139.97	-54.79	3.356
24	21	8	16	8719.22	0	6.93	120.51	282.1	3.356
24	21	16	13	7172.87	0	5.66	59.06	-156.722	3.356
24	21	13	10	12587.46	0	7.1	7.97	-98.224	3.356
24	21	10	7	10046.27	0	1.18	-61.58	-36.891	3.356
24	21	7	15	8215.13	0	5.04	81.04	188.452	3.356
24	21	15	12	6555.6	0	4.96	-45.77	-97.258	3.356
24	21	12	9	10616.45	0	297.42	-95.43	-63.002	3.356
24	21	9	6	13457.92	0	-299.99	7.67	-39.662	3.333
24	20	13	9	9598.63	0	21.12	-109.51	-183.705	4.34
24	20	9	5	10067.07	0	-50.87	20.12	-70.984	4.34
24	20	5	1	9571.75	0	-34.41	-78.73	-32.278	4.34
24	20	1	12	9500.88	0	-6.35	151.01	213.388	4.34
24	20	12	8	9413.32	0	36.62	-156.18	-135.471	4.34
24	20	8	4	10017.7	0	-132.53	158.47	-57.668	4.34
24	20	4	11	9897.45	0	-12.82	-19.39	148.282	4.34
24	20	11	7	9646.44	0	-7.79	-15.45	-107.208	4.34
24	20	7	3	11213.87	0	-10.47	-80.91	-53.412	4.34
24	20	10	6	9162.29	0	26.77	-115.43	-80.269	4.335
24	20	6	2	7210.73	0	-277.41	82.3	-28.715	4.335
23	21	19	17	18021.54	0	3.41	-25.63	-1466.062	3.067
23	21	17	15	7408.9	0	69.08	20.75	-150.679	3.067
23	21	15	13	3988.95	0	23.01	-28.21	-32.45	3.067
23	21	13	11	10705.1	0	4.2	-34.8	-43.543	3.067
23	21	11	9	9143.16	0	458.25	-75.47	-21.251	3.067
23	21	9	18	10457.48	0	45.1	105.7	619.811	3.067
23	21	18	16	12243.69	0	37.54	-51.04	-455.328	3.067
23	21	16	14	6773.54	0	19.15	40.18	-83.967	3.067
23	21	14	12	7568.08	0	6.74	-0.2	-42.644	3.067
23	21	12	10	11189.85	0	-0.98	29.62	-33.951	3.067
23	20	16	13	4905.84	0	39.12	57.93	-194.902	3.883
23	20	13	10	8992.75	0	-21.19	12.47	-109.929	3.883
23	20	10	7	7411.87	0	22.12	-62.21	-39.639	3.883
23	20	7	15	5582.06	0	12.33	79.46	208.973	3.883
23	20	15	12	4276.54	0	42.67	-45.31	-108.119	3.883
23	20	12	9	7996.15	0	-82.2	-92.98	-72.199	3.883
23	20	9	6	9531.63	0	146.97	6.44	-40.5	3.883
23	20	6	14	7171.01	0	3.37	87.2	190.343	3.883
23	20	14	11	6272.8	0	-4.44	-17.21	-107.683	3.883
23	20	11	8	8916.35	0	-63.19	-135.8	-61.226	3.883
23	20	8	5	8684.91	0	89.8	84.16	-29.639	3.86
23	19	12	8	8630.53	0	-109.87	-148.54	-153.551	4.035
23	19	8	4	8547.16	0	267.24	153.69	-56.025	4.035
23	19	4	11	9005.22	0	-9.1	-21.65	159.789	4.035
23	19	11	7	8688.59	0	-4.81	-14.5	-116.24	4.035
23	19	7	3	10436.48	0	-0.19	-78.91	-55.849	4.035
23	19	3	10	8686.65	0	6.17	142.16	120.981	4.035
23	19	10	6	8203.39	0	29.05	-115.46	-84.753	4.035
23	19	6	2	10562.68	0	-126.57	84.28	-46.769	4.035
23	19	2	9	10045.9	0	64.03	-89.98	112.036	4.035
23	19	9	5	9310.64	0	164.86	22.12	-75.923	4.035
23	19	5	1	10090.88	0	-122.89	-69.73	-37.199	4.013
22	20	18	16	13137.7	0	-15.63	-70.5	-1040.204	2.985
22	20	16	14	5020.81	0	206.97	34.82	-99.383	2.985
22	20	14	12	5889.04	0	8.24	1.26	-46.628	2.985
22	20	12	10	9594.23	0	-160.83	31.59	-37.982	2.985
22	20	10	8	8166.07	0	-299.99	-181.58	-18.473	2.985
22	20	8	17	6103.4	0	-57.31	177.56	352.081	2.985
22	20	17	15	6409.78	0	-39.43	21.28	-232.003	2.985
22	20	15	13	2838.42	0	217.68	-30.75	-34.246	2.985
22	20	13	11	8757.6	0	-39.72	-33.25	-48.028	2.985
22	20	11	9	8198.3	0	279.54	-73.12	-24.209	2.985
22	19	15	12	3994.04	0	56.81	-46.94	-125.143	3.062
22	19	12	9	7996.04	0	5.02	-90.44	-77.088	3.062
22	19	9	6	10321.54	0	-6.34	5.47	-43.534	3.062
22	19	6	14	7081.77	0	1.31	84.42	209.088	3.062
22	19	14	11	6084.72	0	-10.4	-14.89	-121.322	3.062
22	19	11	8	9418.41	0	-282.39	-133.31	-67.069	3.062
22	19	8	5	8333.58	0	673.78	80.57	-27.926	3.062
22	19	5	13	8749.02	0	-6.83	86.2	183.15	3.062
22	19	13	10	9034.66	0	-43.95	16.24	-122.318	3.062
22	19	10	7	7803.4	0	36.9	-63.4	-42.259	3.062
22	19	7	4	12653.77	0	-256.64	42.58	-34.049	3.043
22	18	11	7	8296.47	0	-2.8	-12.97	-64.261	1.757
22	18	7	3	10685.06	0	-0.04	-78.64	-30.491	1.757
22	18	3	10	8564.66	0	4.28	141.43	66.161	1.757
22	18	10	6	8066.73	0	18.1	-116.53	-46.983	1.757
22	18	6	2	9195.62	0	-108.53	84.2	-21.423	1.757
22	18	2	9	9591.34	0	-35.44	-88.31	58.155	1.757
22	18	9	5	9399.29	0	1.26	19.76	-42.276	1.757
22	18	5	1	9440.34	0	-16.65	-67.8	-18.198	1.757
22	18	1	8	8794.84	0	312.86	-10.65	42.701	1.757
22	18	8	4	8828.99	0	409.61	156.14	-31.343	1.757
21	19	17	15	9564.27	0	-3.65	20.96	-1146.332	4.518
21	19	15	13	2413.93	0	92.53	-34.5	-72.331	4.518
21	19	13	11	7125.88	0	-0.2	-30.76	-85.408	4.518
21	19	11	9	7653.41	0	-299.99	-71.92	-45.865	4.518
21	19	9	7	7610.89	0	869.53	58.17	-26.063	4.518
21	19	7	16	5782.03	0	10.55	-8.68	504.906	4.518
21	19	16	14	5737.77	0	18	38.12	-314.379	4.518
21	19	14	12	4765.35	0	6.89	2.49	-87.033	4.518
21	19	12	10	7655.09	0	-27.63	33.28	-63.55	4.518
21	19	10	8	6672.04	0	59.23	-180.32	-29.825	4.518
21	18	14	11	4799.97	0	16.17	-12.4	-104.381	2.125
21	18	11	8	7833.34	0	-30.23	-130.93	-52.414	2.125
21	18	8	5	7934.73	0	60.57	77.73	-23.228	2.125
21	18	5	13	7270.08	0	9.54	83.9	148.976	2.125
21	18	13	10	7189.94	0	26.5	20.59	-99.498	2.125
21	18	10	7	6837.33	0	-10.39	-64.49	-33.792	2.125
21	18	7	4	8879.17	0	46.42	39.41	-20.651	2.125
21	18	4	12	7315.73	0	28.53	-8.45	106.291	2.125
21	18	12	9	6723.54	0	-198.19	-88.12	-63.178	2.125
21	18	9	6	8857.44	0	396.5	5.01	-33.292	2.125
21	18	6	3	7279.64	0	276.99	-19.59	-13.574	2.109
21	17	10	6	7829.13	0	-2.32	-117.41	-106.901	3.097
21	17	6	2	8624.74	0	45.4	84.65	-43.387	3.097
21	17	2	9	9142.65	0	164.39	-89.33	124.503	3.097
21	17	9	5	9082.12	0	202.6	19.21	-93.25	3.097
21	17	5	1	9651.62	0	7.49	-63.04	-39.639	3.097
21	17	1	8	8993.83	0	14.15	-12.53	96.132	3.097
21	17	8	4	8872	0	23.56	154.81	-70.346	3.097
21	17	4	7	9950.64	0	9.54	-39.2	51.354	3.097
21	17	7	3	10676.38	0	3.39	-74.83	-66.815	3.097
20	18	16	14	8330.8	0	-6.66	37.57	-544.042	2.462
20	18	14	12	4700.65	0	0.09	3.58	-76.744	2.462
20	18	12	10	7385.59	0	93.14	35.69	-48.232	2.462
20	18	10	8	7822.13	0	-267.49	-179.28	-25.541	2.462
20	18	8	6	9117.86	0	197.93	62.47	-17.013	2.462
20	18	6	15	4490.89	0	-16.16	129.44	213.674	2.462
20	18	15	13	2572.22	0	-59.45	-32.85	-76.79	2.462
20	18	13	11	7081.42	0	23.08	-29.06	-70.469	2.462
20	18	11	9	7724.41	0	-135.77	-71.25	-34.94	2.462
20	18	9	7	8445.88	0	334.39	57.36	-20.571	2.462
20	17	13	10	8325.68	0	20.45	23.85	-340.005	3.991
20	17	10	7	7530.58	0	-15.11	-66.97	-94.626	3.991
20	17	7	4	10492.74	0	31.42	40.1	-57.683	3.991
20	17	4	12	8200.74	0	19.47	-9.35	315.581	3.991
20	17	12	9	7424.72	0	-26.49	-86.38	-192.953	3.991
20	17	9	6	10166.01	0	78.75	4.93	-94.355	3.991
20	17	6	3	10584.23	0	63.89	-22	-46.229	3.991
20	17	3	11	9069.46	0	14.29	89.04	247.458	3.991
20	17	11	8	8569.29	0	-30.69	-128.13	-151.215	3.991
20	17	8	5	8990.71	0	95.03	75.26	-63.46	3.991
20	17	5	2	10032.85	0	391.23	84.48	-35.109	3.958
20	16	9	5	9384.36	0	16.19	18.1	-151.517	3.662
20	16	5	1	10348.22	0	-9.53	-59.55	-61.556	3.662
20	16	1	8	9183.24	0	41.02	-14.12	147.874	3.662
20	16	8	4	8721.91	0	151.64	153.53	-105.891	3.662
20	16	4	7	10079.82	0	38.52	-39.72	78.447	3.662
20	16	7	3	10950.25	0	-12.19	-73.29	-102.667	3.662
20	16	3	6	10039.36	0	133.92	22.14	61.266	3.662
20	16	6	2	9375.5	0	324.95	91.02	-69.38	3.662
19	17	15	13	3402.71	0	-0.18	-34.48	-375.228	4.157
19	17	13	11	8044.67	0	10.24	-28.51	-221.778	4.157
19	17	11	9	7693.14	0	-5.91	-70.17	-84.835	4.157
19	17	9	7	9186.7	0	51.64	56.82	-50.652	4.157
19	17	7	5	10653.93	0	-27.6	-38.58	-33.567	4.157
19	17	5	14	6373.29	0	8.48	65.66	512.043	4.157
19	17	14	12	5402.84	0	6.84	3.75	-272.361	4.157
19	17	12	10	7921.79	0	25.89	35.76	-133.114	4.157
19	17	10	8	7506.63	0	-41.74	-177.59	-57.336	4.157
19	17	8	6	9467.07	0	21.01	60.77	-38.936	4.157
19	16	12	9	6869.25	0	54.75	-81.87	-265.893	3.783
19	16	9	6	10139.44	0	-87.07	2.32	-120.761	3.783
19	16	6	3	9904.95	0	144.23	-20.11	-51.611	3.783
19	16	3	11	8351.87	0	26.16	85.83	304.631	3.783
19	16	11	8	7843.83	0	5.77	-124.73	-193.211	3.783
19	16	8	5	8539.37	0	22.78	73.32	-75.123	3.783
19	16	5	2	8876.67	0	465.7	74.56	-36.748	3.783
19	16	2	10	7632.74	0	56.8	30.55	197.393	3.783
19	16	10	7	6513.58	0	9.54	-65.44	-108.943	3.783
19	16	7	4	10046.54	0	31.97	41.54	-67.214	3.783
19	16	4	1	10001.27	0	-223.62	-133.93	-33.219	3.756
19	15	8	4	11223.71	0	46.34	154.04	-263.144	5.317
19	15	4	7	12835.07	0	18.04	-42.56	189.252	5.317
19	15	7	3	13864.2	0	-4.75	-70.97	-244.423	5.317
19	15	3	6	13324.41	0	45.95	20.3	150.581	5.317
19	15	6	2	11883.72	0	90	87.33	-161.792	5.317
19	15	2	5	13173.61	0	106.37	-74.35	116.739	5.317
19	15	5	1	13404.58	0	-44.81	-54.36	-144.043	5.317
18	16	14	12	6262.21	0	9.38	-9.05	-322.107	1.939
18	16	12	10	8047.27	0	29.89	36.45	-103.481	1.939
18	16	10	8	6208.57	0	-20.44	-177.57	-31.935	1.939
18	16	8	6	9072.88	0	-44.15	60.51	-23.334	1.939
18	16	6	4	9237.58	0	179.74	93.14	-13.576	1.939
18	16	4	13	8833.66	0	14.41	7.22	331.044	1.939
18	16	13	11	9212.53	0	8.32	-34.08	-216.622	1.939
18	16	11	9	6892.03	0	76.91	-70.1	-54.019	1.939
18	16	9	7	9413.17	0	-35.58	55.9	-33.536	1.939
18	16	7	5	10200.34	0	-105.3	-39.25	-19.568	1.939
18	15	11	8	16200.98	0	-6.22	-120.93	-370.188	2.233
18	15	8	5	10899.26	0	71.21	69.21	-76.629	2.233
18	15	5	2	15661.74	0	-87.81	76.24	-48.174	2.233
18	15	2	10	11110.04	0	-15.84	30.41	239.216	2.233
18	15	10	7	9667.24	0	11.21	-65.85	-140.569	2.233
18	15	7	4	13742.77	0	-8.18	42.56	-71.368	2.233
18	15	4	1	13525.26	0	-134.89	-134.56	-33.053	2.233
18	15	1	9	12847.35	0	-31.48	36.54	196.132	2.233
18	15	9	6	12649.74	0	-19.17	5.56	-124.895	2.233
18	15	6	3	14501.66	0	1.55	-19.2	-57.272	2.233
18	14	7	3	11974.63	0	-54.17	-66.81	-150.801	2.856
18	14	3	6	12059.79	0	-119.06	16.54	95.514	2.856
18	14	6	2	11351	0	-140.45	88.39	-107.49	2.856
18	14	2	5	13080.78	0	-175.37	-76.14	79.404	2.856
18	14	5	1	12094.04	0	-18.27	-51.27	-88.443	2.856
17	15	13	11	36255.8	0	13.14	-38.63	-3294.322	3.425
17	15	11	9	18754.23	0	21.08	-70.18	-426.018	3.425
17	15	9	7	12630.48	0	5.76	55.45	-114.765	3.425
17	15	7	5	13597.28	0	-47.15	-39.16	-61.775	3.425
17	15	5	3	17861.21	0	33.2	-28.93	-46.369	3.425
17	15	3	12	19469.99	0	12.6	101	1288.921	3.425
17	15	12	10	24046.16	0	15.38	36.78	-998.818	3.425
17	15	10	8	10626.14	0	-7.67	-177.48	-147.128	3.425
17	15	8	6	12099.88	0	-5.58	58.8	-76.151	3.425
17	15	6	4	13188.72	0	92.73	94.17	-44.694	3.425
17	14	10	7	8855.64	0	2.15	-66.67	-482.502	5.325
17	14	7	4	10852.84	0	14.73	42.44	-181.944	5.325
17	14	4	1	10875.3	0	23.05	-132.61	-79.765	5.325
17	14	1	9	9987.98	0	-3.72	34.63	512.801	5.325
17	14	9	6	9729.08	0	0.93	5.07	-337.331	5.325
17	14	6	3	11596.18	0	-20	-17.28	-143.596	5.325
17	14	3	8	10313.96	0	-9.26	-40.67	315.353	5.325
17	14	8	5	9124.44	0	-4.35	70.1	-214.817	5.325
17	14	5	2	12824.53	0	-117.54	77.98	-120.771	5.325
17	13	6	2	8943.22	0	-155.75	93.56	-209.45	5.311
17	13	2	5	10543.41	0	-205.88	-82.07	155.293	5.311
17	13	5	1	9595.44	0	-4.25	-48.03	-168.982	5.311
16	14	12	10	22390.66	0	5.59	30.3	-2810.016	4.731
16	14	10	8	9857.21	0	59.08	-178.59	-309.268	4.731
16	14	8	6	9863.52	0	12.38	57.97	-123.787	4.731
16	14	6	4	11283.62	0	-214.4	94.77	-70.804	4.731
16	14	4	2	11805.52	0	-288.79	-5.67	-42.331	4.731
16	14	2	11	16413.67	0	-8.03	-19.46	1500.789	4.731
16	14	11	9	19984.36	0	4.78	-71.09	-1146.526	4.731
16	14	9	7	9481.22	0	-12.52	53.93	-181.316	4.731
16	14	7	5	10453.93	0	96.75	-39.81	-90.872	4.731
16	14	5	3	15455.6	0	-84.29	-27.73	-72.342	4.731
16	13	9	6	7059.64	0	27.29	5.96	-339.26	4.697
16	13	6	3	9178.63	0	-59.73	-17.25	-135.72	4.697
16	13	3	8	8043.76	0	-23.08	-41.87	312.216	4.697
16	13	8	5	7105.2	0	-5.19	70.12	-217.286	4.697
16	13	5	2	10040.89	0	-212.33	77.76	-109.665	4.697
16	13	2	7	8731.08	0	-60	-37.89	235.457	4.697
16	13	7	4	8489.92	0	-14.91	44.74	-176.294	4.697
16	13	4	1	9115.44	0	159.49	-133.14	-75.713	4.697
16	12	5	1	9082	0	-28.4	-44.64	-186.683	4.662
15	13	11	9	14310.74	0	5.37	-71.76	-2915.056	7.679
15	13	9	7	4522.19	0	44.92	49.23	-230.289	7.679
15	13	7	5	5455.52	0	86.09	-38.75	-111.127	7.679
15	13	5	3	7551.43	0	-80.25	-26.6	-76.91	7.679
15	13	3	1	3336.55	0	806.46	-19.59	-19.418	7.679
15	13	1	10	6236.5	0	26.4	155.55	925.547	7.679
15	13	10	8	6740.53	0	26.2	-175.78	-627.669	7.679
15	13	8	6	5445.38	0	6.46	57.37	-169.022	7.679
15	13	6	4	5062.47	0	-221.39	94.39	-71.426	7.679
15	13	4	2	6196.11	0	-146.25	-5.33	-47.072	7.679
15	12	8	5	5665.45	0	-7.69	70.53	-434.506	7.496
15	12	5	2	6804.18	0	-116.04	77.32	-160.566	7.496
15	12	2	7	6297.36	0	-26.79	-39.61	390.092	7.496
15	12	7	4	6119	0	-6.12	46.07	-298.64	7.496
15	12	4	1	7049.08	0	186.1	-128.97	-122.869	7.496
15	12	1	6	5872.45	0	31.23	35.14	252.74	7.496
15	12	6	3	6340.5	0	-46.03	-15.9	-210.121	7.496
14	12	10	8	9482.96	0	9.16	-154.84	-11084.881	44.067
14	12	8	6	6054.04	0	10.14	57.49	-1769.18	44.067
14	12	6	4	4721.79	0	3.54	95.89	-551.942	44.067
14	12	4	2	6898.85	0	8.46	-4.33	-403.212	44.067
14	12	2	9	5104	0	7.8	-95.06	4176.337	44.067
14	12	9	7	4542.84	0	7.45	53.37	-2427.539	44.067
14	12	7	5	5936.01	0	9.61	-36.86	-1057.334	44.067
14	12	5	3	7899.83	0	6.39	-25.02	-639.607	44.067
14	12	3	1	5384.09	0	15.47	-18.04	-234.726	44.067
14	11	7	4	4224.14	0	15.45	47.39	-835.708	19.337
14	11	4	1	6309.61	0	-10.99	-128.9	-384.092	19.337
14	11	1	6	4138.04	0	11.51	33.17	661.237	19.337
14	11	6	3	3992.75	0	17.77	-14.42	-502.682	19.337
14	11	3	5	5511.1	0	17.78	26.03	364.053	19.337
14	11	5	2	4567.15	0	40.99	81.4	-390.431	19.337
13	11	9	7	3004.36	0	7.27	50.8	-1589.63	19.947
13	11	7	5	4292.4	0	2.98	-38.72	-567.785	19.947
13	11	5	3	5247.99	0	19.28	-24.98	-277.675	19.947
13	11	3	1	4836.97	0	-14.23	-17.03	-127.964	19.947
13	11	1	8	4598.29	0	8.11	-25.15	1703.094	19.947
13	11	8	6	4945.47	0	6.86	58.21	-1196.2	19.947
13	11	6	4	2490.31	0	40.65	95.35	-200.783	19.947
13	11	4	2	5401.8	0	33.08	-3.12	-197.966	19.947
13	10	6	3	3390.79	0	54.73	-14.4	-298.997	8.618
13	10	3	5	4820.23	0	58.69	24.9	212.522	8.618
13	10	5	2	4087.36	0	120.73	79.31	-229.358	8.618
13	10	2	4	4923.58	0	104.7	5.82	144.963	8.618
13	10	4	1	5817.29	0	-34.92	-126.56	-221.651	8.618
12	10	8	6	5767.32	0	9.25	55.98	-1319.012	8.622
12	10	6	4	1784.81	0	159.18	95.06	-102.048	8.622
12	10	4	2	3968.6	0	179.33	-4.7	-90.764	8.622
12	10	2	7	3462.65	0	74.76	-39.9	514.751	8.622
12	10	7	5	3594.94	0	24.82	-38.75	-375.853	8.622
12	10	5	3	3835.81	0	67.74	-24.65	-133.679	8.622
12	10	3	1	3806.09	0	-76.8	-16.07	-60.292	8.622
12	9	5	2	4170.84	0	171	83.28	-178.35	4.179
12	9	2	4	3739.54	0	329.3	1.69	79.954	4.179
12	9	4	1	4445.89	0	-6.24	-125.3	-120.98	4.179
11	9	7	5	5557.66	0	5.48	-38.09	-539.833	3.662
11	9	5	3	5741.29	0	8	-23.56	-139.417	3.662
11	9	3	1	2866.08	0	11.7	-15.7	-27.839	3.662
11	9	1	6	3985.46	0	13.43	29.58	251.628	3.662
11	9	6	4	3789.42	0	19.45	96.23	-168.264	3.662
11	9	4	2	4196.28	0	144.31	-2.67	-62.11	3.662
11	8	4	1	3824.35	0	31.5	-123.37	-178.064	4.551
10	8	6	4	2580.54	0	-18.22	97.51	-237.915	3.476
10	8	4	2	3708.82	0	-38.46	-4.61	-85.484	3.476
10	8	2	5	3602.47	0	-36.85	-82.06	182.673	3.476
10	8	5	3	3959.11	0	-11.06	-21.84	-166.863	3.476
10	8	3	1	2372.99	0	75.92	-14.18	-33.338	3.476
9	7	5	3	4491.47	0	-2.51	-21.11	-372.479	3.126
9	7	3	1	2271	0	58.47	-15.79	-47.084	3.126
9	7	1	4	3560.38	0	-7.9	123.56	162.395	3.126
9	7	4	2	3778.39	0	-11.25	-1.29	-143.243	3.126
8	6	4	2	12917.17	0	-5.93	-0.6	-1611.623	4.704
8	6	2	3	4579.2	0	-119.99	-108.47	171.399	4.704
8	6	3	1	4133.27	0	2.77	-13.75	-235.745	4.704
7	5	3	1	4509.41	0	5.36	-10.68	-888.371	7.427
